0 1 0 1 0 1 0 1 -0.95496 0 -0.95356 0 0 1 0 1 0 1 0 1 0 1 -0.036094 0 -0.027234 0 0.0081267 0 -0.67661 0 -0.86373 0 0 1 0 1 0 1 0 1 0 1 -0.043762 0 0.010084 0 0.029868 0 -0.30755 0 0 1 0 1 0 1 0 1 0 1 0 1 0 1 0 1 0 1 0 1 0 1 0 1 0 1 0 1 0 1 0 1 0 1 0 1 0 1 0 1 0 1 0 1 0 1 0 1 0 1 0 1 0 1 0 1 0 1 0 1 0 1 0 1 0 1 0 1 0 1 0 1 0 1 0 1 0 1 0 1 0 1 0 1 0 1 0 1 0 1 0 1 0 1 0 1 0 1 0 1 0 1 0 1 0 1 0 1 0 1 0 1 0 1 0 1 0 1 0 1 0 1 0 1 0 1 0 1 0 1 0 1 0 1 0 1 0 1 0 1 0 1 0 1 0 1 0 1 0 1 
0 1 0 1 0 1 0 1 -0.94741 0 -1.1333 0 0 1 0 1 0 1 0 1 0 1 -0.00012408 0 -0.050307 0 0.047595 0 -0.8056 0 -0.95331 0 0 1 0 1 0 1 0 1 0 1 -0.014628 0 0.0041063 0 0.071731 0 -0.26861 0 -0.30763 0 0 1 0 1 0 1 0 1 0 1 0 1 0 1 0 1 0 1 0 1 0 1 0 1 0 1 0 1 0 1 0 1 0 1 0 1 0 1 0 1 0 1 0 1 0 1 0 1 0 1 0 1 0 1 0 1 0 1 0 1 0 1 0 1 0 1 0 1 0 1 0 1 0 1 0 1 0 1 0 1 0 1 0 1 0 1 0 1 0 1 0 1 0 1 0 1 0 1 0 1 0 1 0 1 0 1 0 1 0 1 0 1 0 1 0 1 0 1 0 1 0 1 0 1 0 1 0 1 0 1 0 1 0 1 0 1 0 1 0 1 0 1 0 1 0 1 0 1 
0 1 0 1 0 1 0 1 -0.97152 0 0 1 0 1 0 1 0 1 0 1 0 1 -0.027898 0 -9.1572e-05 0 -0.15905 0 -0.9182 0 -0.94971 0 0 1 0 1 0 1 0 1 0 1 -0.052323 0 0.0022148 0 0.018446 0 -0.15427 0 -0.40119 0 0 1 0 1 0 1 0 1 0 1 0 1 0 1 0 1 0 1 0 1 0 1 0 1 0 1 0 1 0 1 0 1 0 1 0 1 0 1 0 1 0 1 0 1 0 1 0 1 0 1 0 1 0 1 0 1 0 1 0 1 0 1 0 1 0 1 0 1 0 1 0 1 0 1 0 1 0 1 0 1 0 1 0 1 0 1 0 1 0 1 0 1 0 1 0 1 0 1 0 1 0 1 0 1 0 1 0 1 0 1 0 1 0 1 0 1 0 1 0 1 0 1 0 1 0 1 0 1 0 1 0 1 0 1 0 1 0 1 0 1 0 1 0 1 0 1 0 1 
0 1 0 1 0 1 0 1 -0.95297 0 -0.63869 0 0 1 0 1 0 1 0 1 0 1 -0.0036092 0 -0.0073783 0 0.01452 0 -0.60669 0 -0.93971 0 0 1 0 1 0 1 0 1 0 1 -0.019162 0 0.030637 0 0.053478 0 -0.34826 0 -0.96516 0 0 1 0 1 0 1 0 1 0 1 0 1 0 1 0 1 0 1 0 1 0 1 0 1 0 1 0 1 0 1 0 1 0 1 0 1 0 1 0 1 0 1 0 1 0 1 0 1 0 1 0 1 0 1 0 1 0 1 0 1 0 1 0 1 0 1 0 1 0 1 0 1 0 1 0 1 0 1 0 1 0 1 0 1 0 1 0 1 0 1 0 1 0 1 0 1 0 1 0 1 0 1 0 1 0 1 0 1 0 1 0 1 0 1 0 1 0 1 0 1 0 1 0 1 0 1 0 1 0 1 0 1 0 1 0 1 0 1 0 1 0 1 0 1 0 1 0 1 
0 1 0 1 0 1 0 1 -0.96624 0 0 1 0 1 0 1 0 1 0 1 0 1 -0.030945 0 -0.0051831 0 -0.20653 0 -0.92945 0 -0.85871 0 0 1 0 1 0 1 0 1 0 1 -0.063025 0 0.00093323 0 -0.0058643 0 -0.14828 0 -0.96707 0 0 1 0 1 0 1 0 1 0 1 0 1 0 1 0 1 0 1 0 1 0 1 0 1 0 1 0 1 0 1 0 1 0 1 0 1 0 1 0 1 0 1 0 1 0 1 0 1 0 1 0 1 0 1 0 1 0 1 0 1 0 1 0 1 0 1 0 1 0 1 0 1 0 1 0 1 0 1 0 1 0 1 0 1 0 1 0 1 0 1 0 1 0 1 0 1 0 1 0 1 0 1 0 1 0 1 0 1 0 1 0 1 0 1 0 1 0 1 0 1 0 1 0 1 0 1 0 1 0 1 0 1 0 1 0 1 0 1 0 1 0 1 0 1 0 1 0 1 
0 1 0 1 0 1 0 1 -0.94305 0 -0.65374 0 0 1 0 1 0 1 0 1 0 1 -0.023067 0 0.012048 0 0.031849 0 -0.54681 0 -0.89987 0 0 1 0 1 0 1 0 1 0 1 0.0065755 0 -0.0089656 0 0.023314 0 -0.54329 0 0 1 0 1 0 1 0 1 0 1 0 1 0 1 0 1 0 1 0 1 0 1 0 1 0 1 0 1 0 1 0 1 0 1 0 1 0 1 0 1 0 1 0 1 0 1 0 1 0 1 0 1 0 1 0 1 0 1 0 1 0 1 0 1 0 1 0 1 0 1 0 1 0 1 0 1 0 1 0 1 0 1 0 1 0 1 0 1 0 1 0 1 0 1 0 1 0 1 0 1 0 1 0 1 0 1 0 1 0 1 0 1 0 1 0 1 0 1 0 1 0 1 0 1 0 1 0 1 0 1 0 1 0 1 0 1 0 1 0 1 0 1 0 1 0 1 0 1 0 1 
0 1 0 1 0 1 0 1 0 1 -0.98585 0 0 1 0 1 0 1 0 1 0 1 0 1 0 1 0 1 0 1 -0.97436 0 0 1 0 1 0 1 0 1 0 1 0 1 0 1 0 1 0 1 -0.95649 0 0 1 0 1 0 1 0 1 0 1 0 1 0 1 0 1 0 1 0 1 0 1 0 1 0 1 0 1 0 1 0 1 0 1 0 1 0 1 0 1 0 1 0 1 0 1 0 1 0 1 0 1 0 1 0 1 0 1 0 1 0 1 0 1 0 1 0 1 0 1 0 1 0 1 0 1 0 1 0 1 0 1 0 1 0 1 0 1 0 1 0 1 0 1 0 1 0 1 0 1 0 1 0 1 0 1 0 1 0 1 0 1 0 1 0 1 0 1 0 1 0 1 0 1 0 1 0 1 0 1 0 1 0 1 0 1 0 1 0 1 0 1 0 1 0 1 0 1 
0 1 0 1 0 1 0 1 0 1 -0.98614 0 0 1 0 1 0 1 0 1 0 1 0 1 0 1 0 1 0 1 -0.97414 0 0 1 0 1 0 1 0 1 0 1 0 1 0 1 0 1 0 1 -0.95907 0 0 1 0 1 0 1 0 1 0 1 0 1 0 1 0 1 0 1 0 1 0 1 0 1 0 1 0 1 0 1 0 1 0 1 0 1 0 1 0 1 0 1 0 1 0 1 0 1 0 1 0 1 0 1 0 1 0 1 0 1 0 1 0 1 0 1 0 1 0 1 0 1 0 1 0 1 0 1 0 1 0 1 0 1 0 1 0 1 0 1 0 1 0 1 0 1 0 1 0 1 0 1 0 1 0 1 0 1 0 1 0 1 0 1 0 1 0 1 0 1 0 1 0 1 0 1 0 1 0 1 0 1 0 1 0 1 0 1 0 1 0 1 0 1 0 1 0 1 
0 1 0 1 0 1 0 1 0 1 -0.73354 0 -0.33548 0 0 1 0 1 0 1 0 1 0 1 0 1 0 1 0 1 -0.74937 0 -0.27903 0 0 1 0 1 0 1 0 1 0 1 0 1 0 1 0 1 -0.95439 0 0 1 0 1 0 1 0 1 0 1 0 1 0 1 0 1 0 1 0 1 0 1 0 1 0 1 0 1 0 1 0 1 0 1 0 1 0 1 0 1 0 1 0 1 0 1 0 1 0 1 0 1 0 1 0 1 0 1 0 1 0 1 0 1 0 1 0 1 0 1 0 1 0 1 0 1 0 1 0 1 0 1 0 1 0 1 0 1 0 1 0 1 0 1 0 1 0 1 0 1 0 1 0 1 0 1 0 1 0 1 0 1 0 1 0 1 0 1 0 1 0 1 0 1 0 1 0 1 0 1 0 1 0 1 0 1 0 1 0 1 0 1 0 1 0 1 0 1 
0 1 0 1 0 1 0 1 0 1 -0.92799 0 0 1 0 1 0 1 0 1 0 1 0 1 0 1 0 1 0 1 -0.89818 0 -0.59474 0 0 1 0 1 0 1 0 1 0 1 0 1 0 1 0 1 -0.75198 0 -0.49292 0 0 1 0 1 0 1 0 1 0 1 0 1 0 1 0 1 0 1 0 1 0 1 0 1 0 1 0 1 0 1 0 1 0 1 0 1 0 1 0 1 0 1 0 1 0 1 0 1 0 1 0 1 0 1 0 1 0 1 0 1 0 1 0 1 0 1 0 1 0 1 0 1 0 1 0 1 0 1 0 1 0 1 0 1 0 1 0 1 0 1 0 1 0 1 0 1 0 1 0 1 0 1 0 1 0 1 0 1 0 1 0 1 0 1 0 1 0 1 0 1 0 1 0 1 0 1 0 1 0 1 0 1 0 1 0 1 0 1 0 1 0 1 0 1 0 1 
0 1 0 1 0 1 0 1 0 1 -0.97439 0 0 1 0 1 0 1 0 1 0 1 0 1 0 1 0 1 0 1 -0.94682 0 -0.66825 0 0 1 0 1 0 1 0 1 0 1 0 1 0 1 0 1 -0.9511 0 -0.54678 0 0 1 0 1 0 1 0 1 0 1 0 1 0 1 0 1 0 1 0 1 0 1 0 1 0 1 0 1 0 1 0 1 0 1 0 1 0 1 0 1 0 1 0 1 0 1 0 1 0 1 0 1 0 1 0 1 0 1 0 1 0 1 0 1 0 1 0 1 0 1 0 1 0 1 0 1 0 1 0 1 0 1 0 1 0 1 0 1 0 1 0 1 0 1 0 1 0 1 0 1 0 1 0 1 0 1 0 1 0 1 0 1 0 1 0 1 0 1 0 1 0 1 0 1 0 1 0 1 0 1 0 1 0 1 0 1 0 1 0 1 0 1 0 1 0 1 
0 1 0 1 0 1 0 1 0 1 -0.44846 0 -0.25756 0 0 1 0 1 0 1 0 1 0 1 0 1 0 1 0 1 -0.87847 0 -0.58634 0 0 1 0 1 0 1 0 1 0 1 0 1 0 1 0 1 -0.94721 0 0 1 0 1 0 1 0 1 0 1 0 1 0 1 0 1 0 1 0 1 0 1 0 1 0 1 0 1 0 1 0 1 0 1 0 1 0 1 0 1 0 1 0 1 0 1 0 1 0 1 0 1 0 1 0 1 0 1 0 1 0 1 0 1 0 1 0 1 0 1 0 1 0 1 0 1 0 1 0 1 0 1 0 1 0 1 0 1 0 1 0 1 0 1 0 1 0 1 0 1 0 1 0 1 0 1 0 1 0 1 0 1 0 1 0 1 0 1 0 1 0 1 0 1 0 1 0 1 0 1 0 1 0 1 0 1 0 1 0 1 0 1 0 1 0 1 0 1 
0 1 0 1 0 1 0 1 -0.95643 0 -1.0157 0 0 1 0 1 0 1 0 1 0 1 0.0076668 0 -0.0022065 0 0.046275 0 -0.54652 0 -0.84287 0 0 1 0 1 0 1 0 1 0 1 -0.0067658 0 -0.00027212 0 0.074555 0 -0.47654 0 0 1 0 1 0 1 0 1 0 1 0 1 0 1 0 1 0 1 0 1 0 1 0 1 0 1 0 1 0 1 0 1 0 1 0 1 0 1 0 1 0 1 0 1 0 1 0 1 0 1 0 1 0 1 0 1 0 1 0 1 0 1 0 1 0 1 0 1 0 1 0 1 0 1 0 1 0 1 0 1 0 1 0 1 0 1 0 1 0 1 0 1 0 1 0 1 0 1 0 1 0 1 0 1 0 1 0 1 0 1 0 1 0 1 0 1 0 1 0 1 0 1 0 1 0 1 0 1 0 1 0 1 0 1 0 1 0 1 0 1 0 1 0 1 0 1 0 1 0 1 
0 1 0 1 0 1 0 1 -0.96127 0 -1.0667 0 0 1 0 1 0 1 0 1 0 1 0.0063215 0 -0.0053394 0 0.052085 0 -0.60744 0 -0.88875 0 0 1 0 1 0 1 0 1 0 1 -0.0096788 0 0.0013424 0 0.050724 0 -0.37734 0 -0.51878 0 0 1 0 1 0 1 0 1 0 1 0 1 0 1 0 1 0 1 0 1 0 1 0 1 0 1 0 1 0 1 0 1 0 1 0 1 0 1 0 1 0 1 0 1 0 1 0 1 0 1 0 1 0 1 0 1 0 1 0 1 0 1 0 1 0 1 0 1 0 1 0 1 0 1 0 1 0 1 0 1 0 1 0 1 0 1 0 1 0 1 0 1 0 1 0 1 0 1 0 1 0 1 0 1 0 1 0 1 0 1 0 1 0 1 0 1 0 1 0 1 0 1 0 1 0 1 0 1 0 1 0 1 0 1 0 1 0 1 0 1 0 1 0 1 0 1 0 1 
0 1 0 1 -0.10652 0 0 1 -0.95182 0 -1.0626 0 0 1 0 1 0 1 0 1 0 1 -0.032162 0 -0.0010939 0 0.027826 0 -0.66796 0 -0.91352 0 0 1 0 1 0 1 0 1 0 1 -0.017284 0 0.015286 0 0.055208 0 -0.29092 0 -1.1446 0 0 1 0 1 0 1 0 1 0 1 0 1 0 1 0 1 0 1 0 1 0 1 0 1 0 1 0 1 0 1 0 1 0 1 0 1 0 1 0 1 0 1 0 1 0 1 0 1 0 1 0 1 0 1 0 1 0 1 0 1 0 1 0 1 0 1 0 1 0 1 0 1 0 1 0 1 0 1 0 1 0 1 0 1 0 1 0 1 0 1 0 1 0 1 0 1 0 1 0 1 0 1 0 1 0 1 0 1 0 1 0 1 0 1 0 1 0 1 0 1 0 1 0 1 0 1 0 1 0 1 0 1 0 1 0 1 0 1 0 1 0 1 0 1 0 1 0 1 
0 1 0 1 0 1 0 1 -0.9443 0 0.071726 0 0 1 0 1 0 1 0 1 0 1 0.0097631 0 0.016541 0 0 1 -0.90035 0 -0.29929 0 0 1 0 1 0 1 0 1 0 1 -0.0013847 0 -0.0027402 0 0.043784 0 -0.2 0 -0.30342 0 0 1 0 1 0 1 0 1 0 1 0 1 0 1 0 1 0 1 0 1 0 1 0 1 0 1 0 1 0 1 0 1 0 1 0 1 0 1 0 1 0 1 0 1 0 1 0 1 0 1 0 1 0 1 0 1 0 1 0 1 0 1 0 1 0 1 0 1 0 1 0 1 0 1 0 1 0 1 0 1 0 1 0 1 0 1 0 1 0 1 0 1 0 1 0 1 0 1 0 1 0 1 0 1 0 1 0 1 0 1 0 1 0 1 0 1 0 1 0 1 0 1 0 1 0 1 0 1 0 1 0 1 0 1 0 1 0 1 0 1 0 1 0 1 0 1 0 1 
0 1 0 1 0 1 0 1 -0.96224 0 -0.90196 0 0 1 0 1 0 1 0 1 0 1 -0.03639 0 -0.00059617 0 0.062474 0 -0.63739 0 -0.30577 0 0 1 0 1 0 1 0 1 0 1 0.0078887 0 0.029265 0 0.044002 0 -0.3236 0 -0.61036 0 0 1 0 1 0 1 0 1 0 1 0 1 0 1 0 1 0 1 0 1 0 1 0 1 0 1 0 1 0 1 0 1 0 1 0 1 0 1 0 1 0 1 0 1 0 1 0 1 0 1 0 1 0 1 0 1 0 1 0 1 0 1 0 1 0 1 0 1 0 1 0 1 0 1 0 1 0 1 0 1 0 1 0 1 0 1 0 1 0 1 0 1 0 1 0 1 0 1 0 1 0 1 0 1 0 1 0 1 0 1 0 1 0 1 0 1 0 1 0 1 0 1 0 1 0 1 0 1 0 1 0 1 0 1 0 1 0 1 0 1 0 1 0 1 0 1 0 1 
0 1 0 1 0 1 0 1 -0.85997 0 -0.12856 0 0 1 0 1 0 1 0 1 0 1 -0.033229 0 0.054465 0 -0.85583 0 -0.90855 0 -0.29548 0 0 1 0 1 0 1 0 1 0 1 0.00046955 0 0.023174 0 0.039769 0 -0.24443 0 -0.41771 0 0 1 0 1 0 1 0 1 0 1 0 1 0 1 0 1 0 1 0 1 0 1 0 1 0 1 0 1 0 1 0 1 0 1 0 1 0 1 0 1 0 1 0 1 0 1 0 1 0 1 0 1 0 1 0 1 0 1 0 1 0 1 0 1 0 1 0 1 0 1 0 1 0 1 0 1 0 1 0 1 0 1 0 1 0 1 0 1 0 1 0 1 0 1 0 1 0 1 0 1 0 1 0 1 0 1 0 1 0 1 0 1 0 1 0 1 0 1 0 1 0 1 0 1 0 1 0 1 0 1 0 1 0 1 0 1 0 1 0 1 0 1 0 1 0 1 0 1 
0 1 0 1 0 1 0 1 -0.95351 0 0 1 0 1 0 1 0 1 0 1 0 1 -0.050609 0 -0.22477 0 0.093268 0 -0.76942 0 0 1 0 1 0 1 0 1 0 1 0 1 -0.10075 0 -0.10393 0 0.008525 0 0.026034 0 0 1 0 1 0 1 0 1 0 1 0 1 -0.47014 0 0 1 0 1 0 1 0 1 0 1 0 1 0 1 0 1 0 1 0 1 0 1 0 1 0 1 0 1 0 1 0 1 0 1 0 1 0 1 0 1 0 1 0 1 0 1 0 1 0 1 0 1 0 1 0 1 0 1 0 1 0 1 0 1 0 1 0 1 0 1 0 1 0 1 0 1 0 1 0 1 0 1 0 1 0 1 0 1 0 1 0 1 0 1 0 1 0 1 0 1 0 1 0 1 0 1 0 1 0 1 0 1 0 1 0 1 0 1 0 1 0 1 0 1 0 1 0 1 0 1 0 1 0 1 0 1 
0 1 0 1 0 1 0 1 -0.97297 0 0 1 0 1 0 1 0 1 0 1 0 1 0.0044113 0 0.0070874 0 -0.11203 0 -0.88355 0 0 1 0 1 0 1 0 1 0 1 0 1 -0.090728 0 -0.10349 0 -0.0039345 0 -0.0059695 0 0 1 0 1 0 1 0 1 0 1 0 1 -0.84478 0 0.3812 0 0.098646 0 0 1 0 1 0 1 0 1 0 1 0 1 0 1 0 1 0 1 0 1 0 1 0 1 0 1 0 1 0 1 0 1 0 1 0 1 0 1 0 1 0 1 0 1 0 1 0 1 0 1 0 1 0 1 0 1 0 1 0 1 0 1 0 1 0 1 0 1 0 1 0 1 0 1 0 1 0 1 0 1 0 1 0 1 0 1 0 1 0 1 0 1 0 1 0 1 0 1 0 1 0 1 0 1 0 1 0 1 0 1 0 1 0 1 0 1 0 1 0 1 0 1 0 1 0 1 0 1 0 1 0 1 
0 1 0 1 0 1 0 1 -0.91982 0 0 1 0 1 0 1 0 1 0 1 0 1 0.059296 0 0.055609 0 -0.20529 0 -0.85413 0 0 1 0 1 0 1 0 1 0 1 0 1 -0.10067 0 -0.14404 0 -0.011516 0 0.03851 0 0 1 0 1 0 1 0 1 0 1 0 1 -1.0332 0 0 1 0 1 0 1 0 1 0 1 0 1 0 1 0 1 0 1 0 1 0 1 0 1 0 1 0 1 0 1 0 1 0 1 0 1 0 1 0 1 0 1 0 1 0 1 0 1 0 1 0 1 0 1 0 1 0 1 0 1 0 1 0 1 0 1 0 1 0 1 0 1 0 1 0 1 0 1 0 1 0 1 0 1 0 1 0 1 0 1 0 1 0 1 0 1 0 1 0 1 0 1 0 1 0 1 0 1 0 1 0 1 0 1 0 1 0 1 0 1 0 1 0 1 0 1 0 1 0 1 0 1 0 1 0 1 
0 1 0 1 0 1 0.14196 0 -0.96011 0 0 1 0 1 0 1 0 1 0 1 0 1 0.067102 0 -0.2244 0 -0.050773 0 -0.79134 0 0 1 0 1 0 1 0 1 0 1 0 1 -0.18287 0 -0.06781 0 0.032637 0 0.073285 0 0 1 0 1 0 1 0 1 0 1 0 1 0 1 0 1 0 1 0 1 0 1 0 1 0 1 0 1 0 1 0 1 0 1 0 1 0 1 0 1 0 1 0 1 0 1 0 1 0 1 0 1 0 1 0 1 0 1 0 1 0 1 0 1 0 1 0 1 0 1 0 1 0 1 0 1 0 1 0 1 0 1 0 1 0 1 0 1 0 1 0 1 0 1 0 1 0 1 0 1 0 1 0 1 0 1 0 1 0 1 0 1 0 1 0 1 0 1 0 1 0 1 0 1 0 1 0 1 0 1 0 1 0 1 0 1 0 1 0 1 0 1 0 1 0 1 0 1 0 1 
0 1 0 1 0 1 0 1 -0.65855 0 0 1 0 1 0 1 0 1 0 1 0 1 -0.070083 0 -0.17396 0 0.17447 0 -0.63238 0 -0.31927 0 0 1 0 1 0 1 0 1 0 1 0.068206 0 -0.091507 0 -0.01511 0 -0.040049 0 0.24699 0 0 1 0 1 0 1 0 1 0 1 -0.28495 0 0 1 0 1 0 1 0 1 0 1 0 1 0 1 0 1 0 1 0 1 0 1 0 1 0 1 0 1 0 1 0 1 0 1 0 1 0 1 0 1 0 1 0 1 0 1 0 1 0 1 0 1 0 1 0 1 0 1 0 1 0 1 0 1 0 1 0 1 0 1 0 1 0 1 0 1 0 1 0 1 0 1 0 1 0 1 0 1 0 1 0 1 0 1 0 1 0 1 0 1 0 1 0 1 0 1 0 1 0 1 0 1 0 1 0 1 0 1 0 1 0 1 0 1 0 1 0 1 0 1 0 1 0 1 0 1 
0 1 0 1 0 1 0 1 -0.74059 0 0 1 0 1 0 1 0 1 0 1 0 1 -0.13062 0 0.090796 0 0.11628 0 -0.69123 0 0 1 0 1 0 1 0 1 0 1 0 1 -0.0371 0 -0.060791 0 0.016069 0 0.0078071 0 0 1 0 1 0 1 0 1 0 1 0 1 -0.38179 0 0 1 0 1 0 1 0 1 0 1 0 1 0 1 0 1 0 1 0 1 0 1 0 1 0 1 0 1 0 1 0 1 0 1 0 1 0 1 0 1 0 1 0 1 0 1 0 1 0 1 0 1 0 1 0 1 0 1 0 1 0 1 0 1 0 1 0 1 0 1 0 1 0 1 0 1 0 1 0 1 0 1 0 1 0 1 0 1 0 1 0 1 0 1 0 1 0 1 0 1 0 1 0 1 0 1 0 1 0 1 0 1 0 1 0 1 0 1 0 1 0 1 0 1 0 1 0 1 0 1 0 1 0 1 0 1 
0 1 -0.4327 0 0 1 0 1 -0.89251 0 0 1 0 1 0 1 0 1 0 1 0 1 0.010133 0 -0.075115 0 -0.079402 0 -0.86803 0 0 1 0 1 0 1 0 1 0 1 0 1 -0.068669 0 -0.10711 0 -0.01104 0 -0.14544 0 0 1 0 1 0 1 0 1 0 1 0 1 0 1 0 1 0 1 0 1 0 1 0 1 0 1 0 1 0 1 0 1 0 1 0 1 0 1 0 1 0 1 0 1 0 1 0 1 0 1 0 1 0 1 0 1 0 1 0 1 0 1 0 1 0 1 0 1 0 1 0 1 0 1 0 1 0 1 0 1 0 1 0 1 0 1 0 1 0 1 0 1 0 1 0 1 0 1 0 1 0 1 0 1 0 1 0 1 0 1 0 1 0 1 0 1 0 1 0 1 0 1 0 1 0 1 0 1 0 1 0 1 0 1 0 1 0 1 0 1 0 1 0 1 0 1 0 1 0 1 
0 1 0 1 0 1 -0.84575 0 0 1 0 1 0 1 0 1 0 1 0 1 0 1 0 1 0 1 -0.87147 0 0.088788 0 -0.19192 0 0 1 0 1 0 1 0 1 0 1 0 1 -0.76051 0 -0.33704 0 0.035212 0 0.11057 0 0.25764 0 0 1 0 1 0 1 0 1 0 1 0 1 0.019247 0 0.012162 0 0.11243 0 0.27374 0 0 1 0 1 0 1 0 1 0 1 0 1 0 1 0 1 0 1 -0.14892 0 0 1 0 1 0 1 0 1 0 1 0 1 0 1 0 1 0 1 0 1 0 1 0 1 0 1 0 1 0 1 0 1 0 1 0 1 0 1 0 1 0 1 0 1 0 1 0 1 0 1 0 1 0 1 0 1 0 1 0 1 0 1 0 1 0 1 0 1 0 1 0 1 0 1 0 1 0 1 0 1 0 1 0 1 0 1 0 1 0 1 0 1 0 1 0 1 0 1 0 1 0 1 0 1 0 1 
0 1 0 1 0 1 -0.8278 0 0.040937 0 0 1 0 1 0 1 0 1 0 1 0 1 0 1 0 1 -0.7276 0 -0.019102 0 0.096302 0 0.20596 0 0 1 0 1 0 1 0 1 0 1 -0.4455 0 -0.23963 0 -0.029326 0 0.12275 0 0.25946 0 0.42007 0 0 1 0 1 0 1 0 1 0 1 -0.022668 0 0.022196 0 0.099465 0 0.19655 0 0.35522 0 0 1 0 1 0 1 0 1 0 1 0 1 0 1 0 1 0 1 0 1 0 1 0 1 0 1 0 1 0 1 0 1 0 1 0 1 0 1 0 1 0 1 0 1 0 1 0 1 0 1 0 1 0 1 0 1 0 1 0 1 0 1 0 1 0 1 0 1 0 1 0 1 0 1 0 1 0 1 0 1 0 1 0 1 0 1 0 1 0 1 0 1 0 1 0 1 0 1 0 1 0 1 0 1 0 1 0 1 0 1 0 1 0 1 0 1 0 1 0 1 0 1 0 1 
0 1 0 1 0 1 -0.9417 0 0 1 -0.28807 0 0 1 0 1 0 1 0 1 0 1 0 1 -0.44592 0 -0.84898 0 0 1 0 1 0 1 0 1 0 1 0 1 0 1 0 1 -0.44336 0 -0.40885 0 -0.023119 0 0.14674 0 0.11912 0 0 1 0 1 0 1 0 1 0 1 0 1 0.063686 0 -0.067477 0 0.05798 0 0.043226 0 0.14358 0 0 1 0 1 0 1 0 1 0 1 0 1 0 1 0.16642 0 0 1 0 1 0 1 0 1 0 1 0 1 0 1 0 1 0 1 0 1 0 1 0 1 0 1 0 1 0 1 0 1 0 1 0 1 0 1 0 1 0 1 0 1 0 1 0 1 0 1 0 1 0 1 0 1 0 1 0 1 0 1 0 1 0 1 0 1 0 1 0 1 0 1 0 1 0 1 0 1 0 1 0 1 0 1 0 1 0 1 0 1 0 1 0 1 0 1 0 1 0 1 0 1 0 1 0 1 
0 1 0 1 -0.056479 0 -0.066631 0 -0.093165 0 -0.13536 0 -0.19858 0 -0.18128 0 0 1 0 1 0 1 0 1 -0.00036777 0 0.019032 0 -0.087288 0 -0.13448 0 -0.20914 0 -0.11852 0 0 1 0 1 0 1 0 1 -0.32008 0 0.035359 0 -0.038209 0 -0.12668 0 -0.17272 0 0.079143 0 0 1 0 1 0 1 0 1 -0.30357 0 0 1 0 1 0 1 0 1 0 1 0 1 0 1 0 1 0 1 0 1 0 1 0 1 0 1 0 1 0 1 0 1 0 1 0 1 0 1 0 1 0 1 0 1 0 1 0 1 0 1 0 1 0 1 0 1 0 1 0 1 0 1 0 1 0 1 0 1 0 1 0 1 0 1 0 1 0 1 0 1 0 1 0 1 0 1 0 1 0 1 0 1 0 1 0 1 0 1 0 1 0 1 0 1 0 1 0 1 0 1 0 1 0 1 0 1 0 1 0 1 0 1 0 1 0 1 0 1 0 1 0 1 0 1 
0 1 0 1 0 1 -0.90161 0 0 1 -0.087143 0 0 1 0 1 0 1 0 1 0 1 0 1 -0.58815 0 -0.74478 0 -0.10184 0 0.013069 0 -0.1468 0 0 1 0 1 0 1 0 1 0 1 -0.50144 0 -0.31309 0 0.037156 0 0.15425 0 0.055643 0 -0.45607 0 0 1 0 1 0 1 0 1 0 1 -0.2093 0 -0.067094 0 0.016595 0 0.074703 0 -0.040388 0 0 1 0 1 0 1 0 1 0 1 0 1 0 1 0 1 0 1 0 1 0 1 0 1 0 1 0 1 0 1 0 1 0 1 0 1 0 1 0 1 0 1 0 1 0 1 0 1 0 1 0 1 0 1 0 1 0 1 0 1 0 1 0 1 0 1 0 1 0 1 0 1 0 1 0 1 0 1 0 1 0 1 0 1 0 1 0 1 0 1 0 1 0 1 0 1 0 1 0 1 0 1 0 1 0 1 0 1 0 1 0 1 0 1 0 1 0 1 0 1 0 1 0 1 
0 1 0 1 0 1 -0.9125 0 -0.83159 0 0 1 0 1 0 1 0 1 0 1 0 1 0 1 0 1 -0.81829 0 -0.51261 0 0.10048 0 0.17571 0 0 1 0 1 0 1 0 1 0 1 0 1 -0.47864 0 -0.64064 0 0.15097 0 0.033096 0 0.22697 0 0 1 0 1 0 1 0 1 0 1 -0.27078 0 -0.19919 0 0.096237 0 -0.36194 0 -0.11417 0 0 1 0 1 0 1 0 1 0 1 0 1 0 1 0 1 0 1 0 1 0 1 0 1 0 1 0 1 0 1 0 1 0 1 0 1 0 1 0 1 0 1 0 1 0 1 0 1 0 1 0 1 0 1 0 1 0 1 0 1 0 1 0 1 0 1 0 1 0 1 0 1 0 1 0 1 0 1 0 1 0 1 0 1 0 1 0 1 0 1 0 1 0 1 0 1 0 1 0 1 0 1 0 1 0 1 0 1 0 1 0 1 0 1 0 1 0 1 0 1 0 1 0 1 
0 1 0 1 0 1 -0.93031 0 -1.0366 0 -0.096661 0 0 1 0 1 0 1 0 1 0 1 0 1 0 1 -0.7673 0 -0.5694 0 0.098992 0 0.20571 0 0.11615 0 0 1 0 1 0 1 0 1 0 1 -0.65637 0 -0.64611 0 0.064196 0 -0.13642 0 0.39245 0 0 1 0 1 0 1 0 1 0 1 -0.32922 0 -0.39029 0 0.11017 0 -0.3998 0 0.22826 0 0 1 0 1 0 1 0 1 0 1 0 1 0 1 0 1 0 1 0 1 0 1 0 1 0 1 0 1 0 1 0 1 0 1 0 1 0 1 0 1 0 1 0 1 0 1 0 1 0 1 0 1 0 1 0 1 0 1 0 1 0 1 0 1 0 1 0 1 0 1 0 1 0 1 0 1 0 1 0 1 0 1 0 1 0 1 0 1 0 1 0 1 0 1 0 1 0 1 0 1 0 1 0 1 0 1 0 1 0 1 0 1 0 1 0 1 0 1 0 1 0 1 0 1 
0 1 0 1 0 1 -0.92758 0 -1.0166 0 0 1 0 1 0 1 0 1 0 1 0 1 0 1 0 1 -0.80538 0 -0.50158 0 0.099083 0 0.20183 0 0 1 0 1 0 1 0 1 0 1 0 1 -0.65457 0 -0.60431 0 0.16152 0 0.005096 0 0.27811 0 0 1 0 1 0 1 0 1 0 1 -0.23871 0 -0.27034 0 0.13058 0 -0.38 0 0.0011996 0 0 1 0 1 0 1 0 1 0 1 0 1 0 1 0 1 0 1 0 1 0 1 0 1 0 1 0 1 0 1 0 1 0 1 0 1 0 1 0 1 0 1 0 1 0 1 0 1 0 1 0 1 0 1 0 1 0 1 0 1 0 1 0 1 0 1 0 1 0 1 0 1 0 1 0 1 0 1 0 1 0 1 0 1 0 1 0 1 0 1 0 1 0 1 0 1 0 1 0 1 0 1 0 1 0 1 0 1 0 1 0 1 0 1 0 1 0 1 0 1 0 1 0 1 
0 1 0 1 0 1 -0.92362 0 0 1 0 1 0 1 0 1 0 1 0 1 0 1 0 1 0 1 -0.89996 0 -0.79749 0 0.090984 0 -0.021852 0 -0.44687 0 0 1 0 1 0 1 0 1 0 1 -0.8828 0 -0.75112 0 0.071398 0 -0.24506 0 -0.48013 0 0 1 0 1 0 1 0 1 0 1 -0.78504 0 -0.47718 0 0.0054273 0 -0.35244 0 -0.47661 0 0 1 0 1 0 1 0 1 0 1 0 1 0 1 0 1 0 1 0 1 0 1 0 1 0 1 0 1 0 1 0 1 0 1 0 1 0 1 0 1 0 1 0 1 0 1 0 1 0 1 0 1 0 1 0 1 0 1 0 1 0 1 0 1 0 1 0 1 0 1 0 1 0 1 0 1 0 1 0 1 0 1 0 1 0 1 0 1 0 1 0 1 0 1 0 1 0 1 0 1 0 1 0 1 0 1 0 1 0 1 0 1 0 1 0 1 0 1 0 1 0 1 0 1 
0 1 0 1 0 1 0 1 0 1 0 1 0 1 0 1 0 1 0 1 0 1 0 1 0 1 -0.89627 0 -0.94954 0 0 1 0 1 0 1 0 1 0 1 0 1 0 1 0 1 -0.2934 0 -0.21596 0 -0.09872 0 -0.31973 0 -0.77979 0 0 1 0 1 0 1 0 1 -0.080265 0 -0.36173 0 -0.5118 0 0.01439 0 -0.2613 0 -0.20523 0 0 1 0 1 0 1 0 1 0 1 0 1 0 1 0 1 0 1 0 1 0 1 0 1 0 1 0 1 0 1 0 1 0 1 0 1 0 1 0 1 0 1 0 1 0 1 0 1 0 1 0 1 0 1 0 1 0 1 0 1 0 1 0 1 0 1 0 1 0 1 0 1 0 1 0 1 0 1 0 1 0 1 0 1 0 1 0 1 0 1 0 1 0 1 0 1 0 1 0 1 0 1 0 1 0 1 0 1 0 1 0 1 0 1 0 1 0 1 0 1 0 1 0 1 
0 1 0 1 0 1 0.20239 0 -0.056485 0 -0.13294 0 -0.20525 0 -0.13193 0 0 1 0 1 0 1 0 1 0 1 0.14972 0 -0.078183 0 -0.1422 0 -0.19507 0 -0.05974 0 0 1 0 1 0 1 0 1 0.057195 0 0.071847 0 -0.014219 0 -0.10123 0 -0.19641 0 -0.031829 0 0 1 0 1 0 1 0 1 0 1 0 1 0 1 0 1 0 1 0 1 0 1 0 1 0 1 0 1 0 1 0 1 0 1 0 1 0 1 0 1 0 1 0 1 0 1 0 1 0 1 0 1 0 1 0 1 0 1 0 1 0 1 0 1 0 1 0 1 0 1 0 1 0 1 0 1 0 1 0 1 0 1 0 1 0 1 0 1 0 1 0 1 0 1 0 1 0 1 0 1 0 1 0 1 0 1 0 1 0 1 0 1 0 1 0 1 0 1 0 1 0 1 0 1 0 1 0 1 0 1 0 1 0 1 0 1 0 1 0 1 0 1 0 1 
0 1 0 1 0 1 -0.93501 0 -0.92304 0 0 1 0 1 0 1 0 1 0 1 0 1 0 1 0 1 -0.93685 0 -0.93362 0 0 1 0 1 0 1 0 1 0 1 0 1 0 1 0 1 -0.76203 0 -0.84154 0 0.20367 0 -0.49881 0 0 1 0 1 0 1 0 1 0 1 0 1 0 1 -0.11234 0 0 1 -0.7212 0 0 1 0 1 0 1 0 1 0 1 0 1 0 1 0 1 0 1 0 1 0 1 0 1 0 1 0 1 0 1 0 1 0 1 0 1 0 1 0 1 0 1 0 1 0 1 0 1 0 1 0 1 0 1 0 1 0 1 0 1 0 1 0 1 0 1 0 1 0 1 0 1 0 1 0 1 0 1 0 1 0 1 0 1 0 1 0 1 0 1 0 1 0 1 0 1 0 1 0 1 0 1 0 1 0 1 0 1 0 1 0 1 0 1 0 1 0 1 0 1 0 1 0 1 0 1 
0 1 0 1 0 1 -0.69108 0 0 1 0 1 0 1 0 1 0 1 0 1 0 1 0 1 -0.1993 0 -0.5395 0 0.073172 0 0.052954 0 0.19031 0 0 1 0 1 0 1 0 1 0 1 -0.25658 0 -0.22107 0 -0.04423 0 0.091453 0 0.1071 0 0 1 0 1 0 1 0 1 0 1 -0.25998 0 0.090063 0 -0.098627 0 -0.087911 0 -0.19032 0 0 1 0 1 0 1 0 1 0 1 0 1 0 1 0 1 0 1 0 1 0 1 0 1 0 1 0 1 0 1 0 1 0 1 0 1 0 1 0 1 0 1 0 1 0 1 0 1 0 1 0 1 0 1 0 1 0 1 0 1 0 1 0 1 0 1 0 1 0 1 0 1 0 1 0 1 0 1 0 1 0 1 0 1 0 1 0 1 0 1 0 1 0 1 0 1 0 1 0 1 0 1 0 1 0 1 0 1 0 1 0 1 0 1 0 1 0 1 0 1 0 1 0 1 0 1 
0 1 0 1 -0.25073 0 -0.67653 0 0 1 0 1 0 1 0 1 0 1 0 1 0 1 0 1 0.073117 0 -0.46339 0 0.080005 0 0.0005911 0 0 1 0 1 0 1 0 1 0 1 0 1 -0.17096 0 -0.12065 0 0.070406 0 0.12782 0 0.09129 0 0 1 0 1 0 1 0 1 0 1 -0.15425 0 0.13265 0 0.074651 0 0.12589 0 -0.075835 0 0 1 0 1 0 1 0 1 0 1 -0.53394 0 0 1 0 1 -0.38281 0 0 1 0 1 0 1 0 1 0 1 0 1 0 1 0 1 0 1 0 1 0 1 0 1 0 1 0 1 0 1 0 1 0 1 0 1 0 1 0 1 0 1 0 1 0 1 0 1 0 1 0 1 0 1 0 1 0 1 0 1 0 1 0 1 0 1 0 1 0 1 0 1 0 1 0 1 0 1 0 1 0 1 0 1 0 1 0 1 0 1 0 1 0 1 0 1 0 1 0 1 0 1 0 1 0 1 0 1 
0 1 0 1 0 1 -0.47018 0 0 1 0 1 0 1 0 1 0 1 0 1 0 1 0 1 -0.29985 0 -0.46813 0 -0.04327 0 -0.056222 0 0.2134 0 0 1 0 1 0 1 0 1 0 1 0.019259 0 -0.22472 0 -0.077711 0 -0.0072053 0 -0.074215 0 0 1 0 1 0 1 0 1 0 1 -0.23417 0 -0.031708 0 -0.22624 0 -0.058037 0 -0.18725 0 0 1 0 1 0 1 0 1 0 1 0 1 0.18954 0 0 1 0 1 0 1 0 1 0 1 0 1 0 1 0 1 0 1 0 1 0 1 0 1 0 1 0 1 0 1 0 1 0 1 0 1 0 1 0 1 0 1 0 1 0 1 0 1 0 1 0 1 0 1 0 1 0 1 0 1 0 1 0 1 0 1 0 1 0 1 0 1 0 1 0 1 0 1 0 1 0 1 0 1 0 1 0 1 0 1 0 1 0 1 0 1 0 1 0 1 0 1 0 1 0 1 0 1 0 1 0 1 
0 1 0 1 0 1 -0.84442 0 0 1 0 1 0 1 0 1 0 1 0 1 0 1 0 1 -0.45288 0 -0.48761 0 0 1 0 1 0 1 0 1 0 1 0 1 0 1 0 1 -0.1472 0 -0.13195 0 -0.14646 0 -0.28588 0 0 1 0 1 0 1 0 1 0 1 0 1 -0.13141 0 0.097699 0 -0.1744 0 -0.35733 0 0 1 0 1 0 1 0 1 0 1 0 1 0 1 0 1 0 1 0 1 0 1 0 1 0 1 0 1 0 1 0 1 0 1 0 1 0 1 0 1 0 1 0 1 0 1 0 1 0 1 0 1 0 1 0 1 0 1 0 1 0 1 0 1 0 1 0 1 0 1 0 1 0 1 0 1 0 1 0 1 0 1 0 1 0 1 0 1 0 1 0 1 0 1 0 1 0 1 0 1 0 1 0 1 0 1 0 1 0 1 0 1 0 1 0 1 0 1 0 1 0 1 0 1 0 1 0 1 
0 1 0 1 0.23891 0 -0.20371 0 -0.17242 0 0 1 0 1 0 1 0 1 0 1 0 1 0 1 -0.078189 0 -0.29473 0 -0.11194 0 -0.35246 0 0 1 0 1 0 1 0 1 0 1 0 1 -0.051166 0 -0.21147 0 -0.082246 0 -0.17296 0 -0.22366 0 0 1 0 1 0 1 0 1 0 1 0.079825 0 -0.30626 0 -0.13205 0 -0.077609 0 -0.31022 0 0 1 0 1 0 1 0 1 0 1 0 1 -0.039836 0 -0.014517 0 0 1 0 1 0 1 0 1 0 1 0 1 0 1 0 1 0 1 0 1 0 1 0 1 0 1 0 1 0 1 0 1 0 1 0 1 0 1 0 1 0 1 0 1 0 1 0 1 0 1 0 1 0 1 0 1 0 1 0 1 0 1 0 1 0 1 0 1 0 1 0 1 0 1 0 1 0 1 0 1 0 1 0 1 0 1 0 1 0 1 0 1 0 1 0 1 0 1 0 1 0 1 0 1 0 1 0 1 0 1 
0 1 0 1 -0.038741 0 -0.22518 0 -0.055834 0 -0.17388 0 -0.099007 0 0 1 0 1 0 1 0 1 0 1 -0.12745 0 -0.14285 0 -0.11078 0 -0.13549 0 -0.20369 0 0 1 0 1 0 1 0 1 0 1 -0.19113 0 -0.14409 0 -0.043132 0 -0.14947 0 -0.12594 0 0 1 0 1 0 1 0 1 0 1 0 1 0 1 0 1 0 1 -0.088348 0 0 1 0 1 0 1 0 1 0 1 0 1 0 1 0 1 0 1 0 1 0 1 0 1 0 1 0 1 0 1 0 1 0 1 0 1 0 1 0 1 0 1 0 1 0 1 0 1 0 1 0 1 0 1 0 1 0 1 0 1 0 1 0 1 0 1 0 1 0 1 0 1 0 1 0 1 0 1 0 1 0 1 0 1 0 1 0 1 0 1 0 1 0 1 0 1 0 1 0 1 0 1 0 1 0 1 0 1 0 1 0 1 0 1 0 1 0 1 0 1 0 1 0 1 0 1 
0 1 0 1 -0.30727 0 -0.51044 0 0 1 0 1 0 1 0 1 0 1 0 1 0 1 0 1 0.010435 0 -0.25963 0 -0.076991 0 -0.11504 0 -0.24667 0 0 1 0 1 0 1 0 1 0 1 -0.10143 0 -0.35318 0 -0.037247 0 -0.18592 0 -0.065372 0 0 1 0 1 0 1 0 1 0 1 -0.1354 0 -0.25806 0 -0.58696 0 -0.6202 0 0 1 0 1 0 1 0 1 0 1 0 1 0 1 0 1 0 1 0 1 0 1 0 1 0 1 0 1 0 1 0 1 0 1 0 1 0 1 0 1 0 1 0 1 0 1 0 1 0 1 0 1 0 1 0 1 0 1 0 1 0 1 0 1 0 1 0 1 0 1 0 1 0 1 0 1 0 1 0 1 0 1 0 1 0 1 0 1 0 1 0 1 0 1 0 1 0 1 0 1 0 1 0 1 0 1 0 1 0 1 0 1 0 1 0 1 0 1 0 1 0 1 0 1 0 1 0 1 
0 1 0 1 0 1 0 1 -0.92094 0 0 1 0 1 0 1 0 1 0 1 0 1 0.11491 0 0.28416 0 0 1 -0.90773 0 0 1 0 1 0 1 0 1 0 1 0 1 0.0040723 0 0.0073526 0 -0.042173 0 -0.75254 0 0 1 0 1 0 1 0 1 0 1 0 1 -0.0030145 0 -0.023038 0 0.017418 0 -0.6698 0 0 1 0 1 0 1 0 1 0 1 0 1 0.06293 0 0 1 -0.018275 0 -0.50986 0 0 1 0 1 0 1 0 1 0 1 0 1 0 1 0 1 0 1 0 1 0 1 0 1 0 1 0 1 0 1 0 1 0 1 0 1 0 1 0 1 0 1 0 1 0 1 0 1 0 1 0 1 0 1 0 1 0 1 0 1 0 1 0 1 0 1 0 1 0 1 0 1 0 1 0 1 0 1 0 1 0 1 0 1 0 1 0 1 0 1 0 1 0 1 0 1 0 1 0 1 0 1 0 1 0 1 0 1 0 1 
0 1 0 1 0 1 0 1 -0.93493 0 0 1 0 1 0 1 0 1 0 1 0 1 -0.040158 0 -0.011618 0 -0.17569 0 -0.91126 0 0 1 0 1 0 1 0 1 0 1 0 1 0.0032172 0 -0.0077521 0 -0.037223 0 -0.70874 0 0 1 0 1 0 1 0 1 0 1 0 1 0.019395 0 -0.0060723 0 -0.028104 0 -0.75338 0 0 1 0 1 0 1 0 1 0 1 0 1 0 1 0 1 0 1 -0.9554 0 0 1 0 1 0 1 0 1 0 1 0 1 0 1 0 1 0 1 0 1 0 1 0 1 0 1 0 1 0 1 0 1 0 1 0 1 0 1 0 1 0 1 0 1 0 1 0 1 0 1 0 1 0 1 0 1 0 1 0 1 0 1 0 1 0 1 0 1 0 1 0 1 0 1 0 1 0 1 0 1 0 1 0 1 0 1 0 1 0 1 0 1 0 1 0 1 0 1 0 1 0 1 0 1 0 1 0 1 0 1 
0 1 0 1 0 1 0 1 -0.95942 0 0 1 0 1 0 1 0 1 0 1 0 1 0.054865 0 0.14294 0 0.24865 0 -0.92727 0 0 1 0 1 0 1 0 1 0 1 0 1 -0.0042581 0 0.0021537 0 -0.038594 0 -0.74671 0 0 1 0 1 0 1 0 1 0 1 0 1 0.0077318 0 -0.020513 0 0.022961 0 -0.67434 0 0 1 0 1 0 1 0 1 0 1 0 1 0 1 0 1 0.019475 0 -0.96354 0 0 1 0 1 0 1 0 1 0 1 0 1 0 1 0 1 0 1 0 1 0 1 0 1 0 1 0 1 0 1 0 1 0 1 0 1 0 1 0 1 0 1 0 1 0 1 0 1 0 1 0 1 0 1 0 1 0 1 0 1 0 1 0 1 0 1 0 1 0 1 0 1 0 1 0 1 0 1 0 1 0 1 0 1 0 1 0 1 0 1 0 1 0 1 0 1 0 1 0 1 0 1 0 1 0 1 0 1 0 1 
0 1 -0.26274 0 0.22244 0 0 1 -0.94733 0 0 1 0 1 0 1 0 1 0 1 0 1 0.31369 0 -0.14833 0 -0.10707 0 -0.93461 0 0 1 0 1 0 1 0 1 0 1 0 1 0.0020316 0 0.0012211 0 -0.030549 0 -0.73709 0 0 1 0 1 0 1 0 1 0 1 0 1 0.0047212 0 -0.016478 0 0.0098474 0 -0.66769 0 0 1 0 1 0 1 0 1 0 1 0 1 0 1 0 1 -0.04954 0 -0.62189 0 0 1 0 1 0 1 0 1 0 1 0 1 0 1 0 1 0 1 0 1 0 1 0 1 0 1 0 1 0 1 0 1 0 1 0 1 0 1 0 1 0 1 0 1 0 1 0 1 0 1 0 1 0 1 0 1 0 1 0 1 0 1 0 1 0 1 0 1 0 1 0 1 0 1 0 1 0 1 0 1 0 1 0 1 0 1 0 1 0 1 0 1 0 1 0 1 0 1 0 1 0 1 0 1 0 1 0 1 0 1 
0 1 0 1 0.060248 0 0.12197 0 -0.91343 0 0 1 0 1 0 1 0 1 0 1 0 1 0 1 0 1 0.019415 0 -0.84136 0 0.015621 0 0 1 0 1 0 1 0 1 0 1 0.034566 0 -0.00082341 0 -0.058663 0 -0.77387 0 0.067898 0 0 1 0 1 0 1 0 1 0 1 -0.0092568 0 -0.0034882 0 -0.011341 0 -0.38531 0 0.24138 0 0 1 0 1 0 1 0 1 0 1 0 1 0 1 0 1 0 1 0 1 0 1 0 1 0 1 0 1 0 1 0 1 0 1 0 1 0 1 0 1 0 1 0 1 0 1 0 1 0 1 0 1 0 1 0 1 0 1 0 1 0 1 0 1 0 1 0 1 0 1 0 1 0 1 0 1 0 1 0 1 0 1 0 1 0 1 0 1 0 1 0 1 0 1 0 1 0 1 0 1 0 1 0 1 0 1 0 1 0 1 0 1 0 1 0 1 0 1 0 1 0 1 0 1 0 1 0 1 
0 1 0 1 0 1 0 1 0 1 0 1 0 1 0 1 0 1 0 1 0 1 0.094599 0 -0.034206 0 0.37381 0 -0.8198 0 0.013962 0 0 1 0 1 0 1 0 1 0 1 -0.019987 0 -0.27245 0 -0.31924 0 -0.72846 0 -0.35601 0 0 1 0 1 0 1 0 1 0 1 -0.014298 0 -0.0073633 0 -0.0066295 0 -0.39803 0 0 1 0 1 0 1 0 1 0 1 0 1 0 1 0 1 0 1 0 1 0 1 0 1 0 1 0 1 0 1 0 1 0 1 0 1 0 1 0 1 0 1 0 1 0 1 0 1 0 1 0 1 0 1 0 1 0 1 0 1 0 1 0 1 0 1 0 1 0 1 0 1 0 1 0 1 0 1 0 1 0 1 0 1 0 1 0 1 0 1 0 1 0 1 0 1 0 1 0 1 0 1 0 1 0 1 0 1 0 1 0 1 0 1 0 1 0 1 0 1 0 1 0 1 0 1 0 1 0 1 
0 1 0 1 0 1 0 1 -0.9168 0 0 1 0 1 0 1 0 1 0 1 0 1 0 1 -0.046031 0 0 1 -0.81771 0 -0.43309 0 0 1 0 1 0 1 0 1 0 1 -0.01424 0 0.00126 0 -0.025686 0 -0.7905 0 -0.35787 0 0 1 0 1 0 1 0 1 0 1 -0.0042347 0 -0.0062709 0 -0.011177 0 -0.28506 0 0.17484 0 0 1 0 1 0 1 0 1 0 1 0 1 0 1 0 1 0 1 0 1 0 1 0 1 0 1 0 1 0 1 0 1 0 1 0 1 0 1 0 1 0 1 0 1 0 1 0 1 0 1 0 1 0 1 0 1 0 1 0 1 0 1 0 1 0 1 0 1 0 1 0 1 0 1 0 1 0 1 0 1 0 1 0 1 0 1 0 1 0 1 0 1 0 1 0 1 0 1 0 1 0 1 0 1 0 1 0 1 0 1 0 1 0 1 0 1 0 1 0 1 0 1 0 1 0 1 0 1 
0 1 0 1 0 1 0 1 -0.91556 0 0 1 0 1 0 1 0 1 0 1 0 1 0 1 0 1 -0.08943 0 -0.78825 0 0 1 0 1 0 1 0 1 0 1 0 1 0.0040319 0 -0.37639 0 0 1 -0.83587 0 0 1 0 1 0 1 0 1 0 1 0 1 -0.0051472 0 -0.0065885 0 -0.019063 0 -0.46777 0 0 1 0 1 0 1 0 1 0 1 0 1 0 1 0 1 0 1 -0.47422 0 0 1 0 1 0 1 0 1 0 1 0 1 0 1 0 1 0 1 0 1 0 1 0 1 0 1 0 1 0 1 0 1 0 1 0 1 0 1 0 1 0 1 0 1 0 1 0 1 0 1 0 1 0 1 0 1 0 1 0 1 0 1 0 1 0 1 0 1 0 1 0 1 0 1 0 1 0 1 0 1 0 1 0 1 0 1 0 1 0 1 0 1 0 1 0 1 0 1 0 1 0 1 0 1 0 1 0 1 0 1 
0 1 0 1 0 1 0 1 -0.95406 0 -0.93003 0 0 1 0 1 0 1 0 1 0 1 0 1 0 1 0 1 -0.94199 0 -0.42258 0 0 1 0 1 0 1 0 1 0 1 0 1 0 1 0 1 -0.9398 0 -0.52657 0 0 1 0 1 0 1 0 1 0 1 0 1 0 1 0 1 -0.91651 0 -0.64971 0 0 1 0 1 0 1 0 1 0 1 0 1 0 1 0 1 0 1 0 1 0 1 0 1 0 1 0 1 0 1 0 1 0 1 0 1 0 1 0 1 0 1 0 1 0 1 0 1 0 1 0 1 0 1 0 1 0 1 0 1 0 1 0 1 0 1 0 1 0 1 0 1 0 1 0 1 0 1 0 1 0 1 0 1 0 1 0 1 0 1 0 1 0 1 0 1 0 1 0 1 0 1 0 1 0 1 0 1 0 1 0 1 0 1 0 1 0 1 0 1 0 1 0 1 0 1 0 1 
0 1 0.134 0 0.2941 0 -0.26135 0 0 1 0 1 0 1 0 1 0 1 0 1 0 1 0.046407 0 0.041193 0 -0.067856 0 -0.033677 0 0 1 0 1 0 1 0 1 0 1 0 1 0.01754 0 0.018089 0 -0.15279 0 -0.039302 0 0 1 0 1 0 1 0 1 0 1 0 1 0.010393 0 -0.0080183 0 -0.10788 0 0 1 0 1 0 1 0 1 0 1 0 1 0 1 -0.070379 0 0.054177 0 -0.25262 0 0 1 0 1 0 1 0 1 0 1 0 1 0 1 0 1 0 1 0 1 0 1 0 1 0 1 0 1 0 1 0 1 0 1 0 1 0 1 0 1 0 1 0 1 0 1 0 1 0 1 0 1 0 1 0 1 0 1 0 1 0 1 0 1 0 1 0 1 0 1 0 1 0 1 0 1 0 1 0 1 0 1 0 1 0 1 0 1 0 1 0 1 0 1 0 1 0 1 0 1 0 1 0 1 0 1 0 1 0 1 0 1 
0 1 -0.24121 0 -0.17977 0 -0.42622 0 -0.31144 0 0 1 0 1 0 1 0 1 0 1 0 1 0.078768 0 0.006521 0 -0.22386 0 -0.059126 0 0 1 0 1 0 1 0 1 0 1 0 1 0.020106 0 0.014045 0 -0.16006 0 -0.40084 0 0 1 0 1 0 1 0 1 0 1 0 1 0.02656 0 -0.018001 0 -0.031022 0 0 1 0 1 0 1 0 1 0 1 0 1 0 1 0.08178 0 0.02917 0 0.0093485 0 0 1 0 1 0 1 0 1 0 1 0 1 0 1 0 1 0 1 0 1 0 1 0 1 0 1 0 1 0 1 0 1 0 1 0 1 0 1 0 1 0 1 0 1 0 1 0 1 0 1 0 1 0 1 0 1 0 1 0 1 0 1 0 1 0 1 0 1 0 1 0 1 0 1 0 1 0 1 0 1 0 1 0 1 0 1 0 1 0 1 0 1 0 1 0 1 0 1 0 1 0 1 0 1 0 1 0 1 0 1 0 1 
0 1 -0.25441 0 -0.14826 0 -0.54887 0 0 1 0 1 0 1 0 1 0 1 0 1 0 1 0.047074 0 0.0011861 0 -0.31663 0 0 1 0 1 0 1 0 1 0 1 0 1 0 1 0.028372 0 0.021634 0 -0.017055 0 -0.047547 0 0 1 0 1 0 1 0 1 0 1 0 1 0.015418 0 -0.0042271 0 -0.12888 0 0 1 0 1 0 1 0 1 0 1 0 1 0 1 0.03172 0 -0.032641 0 -0.16462 0 0 1 0 1 0 1 0 1 0 1 0 1 0 1 0 1 0 1 0 1 0 1 0 1 0 1 0 1 0 1 0 1 0 1 0 1 0 1 0 1 0 1 0 1 0 1 0 1 0 1 0 1 0 1 0 1 0 1 0 1 0 1 0 1 0 1 0 1 0 1 0 1 0 1 0 1 0 1 0 1 0 1 0 1 0 1 0 1 0 1 0 1 0 1 0 1 0 1 0 1 0 1 0 1 0 1 0 1 0 1 0 1 
0 1 0 1 0 1 0 1 -0.96403 0 0 1 0 1 0 1 0 1 0 1 0 1 0 1 0 1 0 1 -0.97065 0 0 1 0 1 0 1 0 1 0 1 0 1 0 1 0 1 0 1 -0.97448 0 0 1 0 1 0 1 0 1 0 1 0 1 0 1 0 1 0 1 -0.94426 0 0 1 0 1 0 1 0 1 0 1 0 1 0 1 0 1 0 1 0 1 0 1 0 1 0 1 0 1 0 1 0 1 0 1 0 1 0 1 0 1 0 1 0 1 0 1 0 1 0 1 0 1 0 1 0 1 0 1 0 1 0 1 0 1 0 1 0 1 0 1 0 1 0 1 0 1 0 1 0 1 0 1 0 1 0 1 0 1 0 1 0 1 0 1 0 1 0 1 0 1 0 1 0 1 0 1 0 1 0 1 0 1 0 1 0 1 0 1 0 1 0 1 0 1 0 1 0 1 0 1 
0 1 0 1 0 1 0 1 -0.98339 0 0 1 0 1 0 1 0 1 0 1 0 1 0 1 0 1 0 1 -0.97846 0 0 1 0 1 0 1 0 1 0 1 0 1 0 1 0 1 0 1 -0.97523 0 0 1 0 1 0 1 0 1 0 1 0 1 0 1 0 1 0 1 -0.9392 0 0 1 0 1 0 1 0 1 0 1 0 1 0 1 0 1 0 1 0 1 0 1 0 1 0 1 0 1 0 1 0 1 0 1 0 1 0 1 0 1 0 1 0 1 0 1 0 1 0 1 0 1 0 1 0 1 0 1 0 1 0 1 0 1 0 1 0 1 0 1 0 1 0 1 0 1 0 1 0 1 0 1 0 1 0 1 0 1 0 1 0 1 0 1 0 1 0 1 0 1 0 1 0 1 0 1 0 1 0 1 0 1 0 1 0 1 0 1 0 1 0 1 0 1 0 1 0 1 0 1 
0 1 0 1 0 1 0 1 -0.98487 0 0 1 0 1 0 1 0 1 0 1 0 1 0 1 0 1 0 1 -0.9749 0 0 1 0 1 0 1 0 1 0 1 0 1 0 1 0 1 0 1 -0.97374 0 0 1 0 1 0 1 0 1 0 1 0 1 0 1 0 1 0.078291 0 -0.78784 0 0 1 0 1 0 1 0 1 0 1 0 1 0 1 0 1 0 1 0 1 0 1 0 1 0 1 0 1 0 1 0 1 0 1 0 1 0 1 0 1 0 1 0 1 0 1 0 1 0 1 0 1 0 1 0 1 0 1 0 1 0 1 0 1 0 1 0 1 0 1 0 1 0 1 0 1 0 1 0 1 0 1 0 1 0 1 0 1 0 1 0 1 0 1 0 1 0 1 0 1 0 1 0 1 0 1 0 1 0 1 0 1 0 1 0 1 0 1 0 1 0 1 0 1 0 1 0 1 0 1 
0 1 0 1 0 1 0 1 -0.98639 0 0 1 0 1 0 1 0 1 0 1 0 1 0 1 0 1 0 1 -0.97926 0 0 1 0 1 0 1 0 1 0 1 0 1 0 1 0 1 0 1 -0.97546 0 0 1 0 1 0 1 0 1 0 1 0 1 0 1 0 1 0 1 -0.93452 0 0 1 0 1 0 1 0 1 0 1 0 1 0 1 0 1 0 1 0 1 0 1 0 1 0 1 0 1 0 1 0 1 0 1 0 1 0 1 0 1 0 1 0 1 0 1 0 1 0 1 0 1 0 1 0 1 0 1 0 1 0 1 0 1 0 1 0 1 0 1 0 1 0 1 0 1 0 1 0 1 0 1 0 1 0 1 0 1 0 1 0 1 0 1 0 1 0 1 0 1 0 1 0 1 0 1 0 1 0 1 0 1 0 1 0 1 0 1 0 1 0 1 0 1 0 1 0 1 0 1 
0 1 0 1 0 1 0 1 -0.98414 0 0 1 0 1 0 1 0 1 0 1 0 1 0 1 0 1 0 1 -0.97089 0 0 1 0 1 0 1 0 1 0 1 0 1 0 1 0 1 0 1 -0.97386 0 0 1 0 1 0 1 0 1 0 1 0 1 0 1 0 1 0.056633 0 -0.79473 0 0 1 0 1 0 1 0 1 0 1 0 1 0 1 0 1 0 1 0 1 0 1 0 1 0 1 0 1 0 1 0 1 0 1 0 1 0 1 0 1 0 1 0 1 0 1 0 1 0 1 0 1 0 1 0 1 0 1 0 1 0 1 0 1 0 1 0 1 0 1 0 1 0 1 0 1 0 1 0 1 0 1 0 1 0 1 0 1 0 1 0 1 0 1 0 1 0 1 0 1 0 1 0 1 0 1 0 1 0 1 0 1 0 1 0 1 0 1 0 1 0 1 0 1 0 1 0 1 0 1 
0 1 0 1 0 1 0 1 -0.98151 0 0 1 0 1 0 1 0 1 0 1 0 1 0 1 0 1 0 1 -0.97978 0 0 1 0 1 0 1 0 1 0 1 0 1 0 1 0 1 0 1 -0.97562 0 0 1 0 1 0 1 0 1 0 1 0 1 0 1 0 1 0 1 -0.93187 0 0 1 0 1 0 1 0 1 0 1 0 1 0 1 0 1 0 1 0 1 0 1 0 1 0 1 0 1 0 1 0 1 0 1 0 1 0 1 0 1 0 1 0 1 0 1 0 1 0 1 0 1 0 1 0 1 0 1 0 1 0 1 0 1 0 1 0 1 0 1 0 1 0 1 0 1 0 1 0 1 0 1 0 1 0 1 0 1 0 1 0 1 0 1 0 1 0 1 0 1 0 1 0 1 0 1 0 1 0 1 0 1 0 1 0 1 0 1 0 1 0 1 0 1 0 1 0 1 0 1 
0 1 0 1 0 1 0 1 -0.98433 0 0 1 0 1 0 1 0 1 0 1 0 1 0 1 0 1 0 1 -0.97505 0 0 1 0 1 0 1 0 1 0 1 0 1 0 1 0 1 0 1 -0.97408 0 0 1 0 1 0 1 0 1 0 1 0 1 -0.1022 0 0.0118 0 -0.0084127 0 -0.79769 0 0 1 0 1 0 1 0 1 0 1 0 1 0 1 0 1 0 1 0 1 0 1 0 1 0 1 0 1 0 1 0 1 0 1 0 1 0 1 0 1 0 1 0 1 0 1 0 1 0 1 0 1 0 1 0 1 0 1 0 1 0 1 0 1 0 1 0 1 0 1 0 1 0 1 0 1 0 1 0 1 0 1 0 1 0 1 0 1 0 1 0 1 0 1 0 1 0 1 0 1 0 1 0 1 0 1 0 1 0 1 0 1 0 1 0 1 0 1 0 1 0 1 0 1 0 1 0 1 0 1 
0 1 -0.10421 0 -0.11932 0 0 1 0 1 0 1 0 1 0 1 0 1 0 1 0 1 -0.2343 0 -0.16403 0 0.09848 0 0 1 0 1 0 1 0 1 0 1 0 1 0 1 -0.020601 0 -0.033138 0 -0.087062 0 -1.0691 0 0 1 0 1 0 1 0 1 0 1 0 1 0.032209 0 -0.043088 0 -0.024549 0 0 1 0 1 0 1 0 1 0 1 0 1 0 1 0.11772 0 -0.087745 0 -0.14355 0 0 1 0 1 0 1 0 1 0 1 0 1 0 1 0 1 0 1 0 1 0 1 0 1 0 1 0 1 0 1 0 1 0 1 0 1 0 1 0 1 0 1 0 1 0 1 0 1 0 1 0 1 0 1 0 1 0 1 0 1 0 1 0 1 0 1 0 1 0 1 0 1 0 1 0 1 0 1 0 1 0 1 0 1 0 1 0 1 0 1 0 1 0 1 0 1 0 1 0 1 0 1 0 1 0 1 0 1 0 1 0 1 
0 1 0 1 -0.085384 0 0 1 0 1 0 1 0 1 0 1 0 1 0 1 0 1 -0.018458 0 -0.017451 0 0.098603 0 0 1 0 1 0 1 0 1 0 1 0 1 0 1 -0.050892 0 -0.032597 0 -0.070085 0 0 1 0 1 0 1 0 1 0 1 0 1 0 1 -0.0042126 0 -0.038536 0 -0.10101 0 0 1 0 1 0 1 0 1 0 1 0 1 0 1 -0.035171 0 -0.02325 0 -0.089621 0 0 1 0 1 0 1 0 1 0 1 0 1 0 1 0 1 0 1 0 1 0 1 0 1 0 1 0 1 0 1 0 1 0 1 0 1 0 1 0 1 0 1 0 1 0 1 0 1 0 1 0 1 0 1 0 1 0 1 0 1 0 1 0 1 0 1 0 1 0 1 0 1 0 1 0 1 0 1 0 1 0 1 0 1 0 1 0 1 0 1 0 1 0 1 0 1 0 1 0 1 0 1 0 1 0 1 0 1 0 1 0 1 
0 1 0.60184 0 -0.45883 0 -0.39281 0 0 1 0 1 0 1 0 1 0 1 0 1 0 1 -0.039939 0 -0.028465 0 -0.22822 0 0 1 0 1 0 1 0 1 0 1 0 1 0 1 -0.037293 0 -0.061879 0 -0.14139 0 0 1 0 1 0 1 0 1 0 1 0 1 0 1 0.00097054 0 -0.03092 0 0.036563 0 0 1 0 1 0 1 0 1 0 1 0 1 0 1 -0.17266 0 -0.061788 0 0 1 0 1 0 1 0 1 0 1 0 1 0 1 0 1 0 1 0 1 0 1 0 1 0 1 0 1 0 1 0 1 0 1 0 1 0 1 0 1 0 1 0 1 0 1 0 1 0 1 0 1 0 1 0 1 0 1 0 1 0 1 0 1 0 1 0 1 0 1 0 1 0 1 0 1 0 1 0 1 0 1 0 1 0 1 0 1 0 1 0 1 0 1 0 1 0 1 0 1 0 1 0 1 0 1 0 1 0 1 0 1 0 1 
0 1 0.40246 0 -0.58789 0 0 1 0 1 0 1 0 1 0 1 0 1 0 1 0 1 -0.0030719 0 -0.012072 0 -0.21585 0 0 1 0 1 0 1 0 1 0 1 0 1 0 1 -0.047748 0 -0.077316 0 -0.12933 0 0 1 0 1 0 1 0 1 0 1 0 1 0 1 0.036902 0 -0.020281 0 -0.016358 0 0 1 0 1 0 1 0 1 0 1 0 1 0 1 -0.043453 0 -0.32085 0 -0.35379 0 0 1 0 1 0 1 0 1 0 1 0 1 0 1 0 1 0 1 0 1 0 1 0 1 0 1 0 1 0 1 0 1 0 1 0 1 0 1 0 1 0 1 0 1 0 1 0 1 0 1 0 1 0 1 0 1 0 1 0 1 0 1 0 1 0 1 0 1 0 1 0 1 0 1 0 1 0 1 0 1 0 1 0 1 0 1 0 1 0 1 0 1 0 1 0 1 0 1 0 1 0 1 0 1 0 1 0 1 0 1 0 1 
0 1 -0.20985 0 -0.26058 0 0.036181 0 0 1 0 1 0 1 0 1 0 1 0 1 0 1 -0.066273 0 -0.046551 0 -0.080457 0 0 1 0 1 0 1 0 1 0 1 0 1 0 1 -0.051665 0 -0.041847 0 -0.15139 0 0 1 0 1 0 1 0 1 0 1 0 1 0 1 -0.032712 0 -0.0083901 0 -0.044424 0 0 1 0 1 0 1 0 1 0 1 0 1 0 1 0.016325 0 0.00077206 0 0 1 0 1 0 1 0 1 0 1 0 1 0 1 0 1 0 1 0 1 0 1 0 1 0 1 0 1 0 1 0 1 0 1 0 1 0 1 0 1 0 1 0 1 0 1 0 1 0 1 0 1 0 1 0 1 0 1 0 1 0 1 0 1 0 1 0 1 0 1 0 1 0 1 0 1 0 1 0 1 0 1 0 1 0 1 0 1 0 1 0 1 0 1 0 1 0 1 0 1 0 1 0 1 0 1 0 1 0 1 0 1 0 1 
0 1 0 1 0 1 -0.87728 0 -0.37177 0 0 1 0 1 0 1 0 1 0 1 0 1 0 1 0 1 -0.93039 0 -0.32976 0 0 1 0.27509 0 0 1 0 1 0 1 0 1 0.057237 0 0 1 -0.85413 0 0.02194 0 0.067572 0 0.065538 0 0.21319 0 0 1 0 1 0 1 -0.058396 0 0.14005 0 -0.18856 0 0.02394 0 0.015256 0 0.14195 0 0.25487 0 0 1 0 1 0 1 -0.021817 0 -0.023285 0 0.014388 0 0.070947 0 0.10629 0 0.21288 0 0.20756 0 0 1 0 1 0 1 0 1 0 1 0 1 0 1 0 1 0 1 0 1 0 1 0 1 0 1 0 1 0 1 0 1 0 1 0 1 0 1 0 1 0 1 0 1 0 1 0 1 0 1 0 1 0 1 0 1 0 1 0 1 0 1 0 1 0 1 0 1 0 1 0 1 0 1 0 1 0 1 0 1 0 1 0 1 0 1 0 1 0 1 0 1 0 1 0 1 0 1 0 1 0 1 0 1 
0 1 0 1 0 1 -0.90185 0 -0.5751 0 0 1 0 1 0 1 0 1 0 1 0 1 0 1 0 1 -0.78808 0 -0.83297 0 -0.006675 0 -0.35002 0 0 1 0 1 0 1 0 1 0.20611 0 0 1 -0.78061 0 -0.4506 0 0.11664 0 0.015131 0 0 1 0 1 0 1 0 1 0.18085 0 -0.010434 0 -0.27639 0 0.025204 0 0.046215 0 0.17551 0 0.19049 0 0 1 0 1 0 1 0.05977 0 -0.074316 0 0.033936 0 -0.0019064 0 -0.0049282 0 0.044981 0 0.037299 0 0 1 0 1 0 1 0 1 0 1 0 1 0 1 0 1 0 1 0 1 0 1 0 1 0 1 0 1 0 1 0 1 0 1 0 1 0 1 0 1 0 1 0 1 0 1 0 1 0 1 0 1 0 1 0 1 0 1 0 1 0 1 0 1 0 1 0 1 0 1 0 1 0 1 0 1 0 1 0 1 0 1 0 1 0 1 0 1 0 1 0 1 0 1 0 1 0 1 0 1 0 1 0 1 
0 1 0 1 0.066777 0 -0.64531 0 -0.15798 0 0 1 0 1 0 1 0 1 0 1 0 1 0.29635 0 0.028255 0 -0.67458 0 0 1 -0.070024 0 -0.88576 0 0 1 0 1 0 1 0 1 0.14835 0 0.086596 0 -0.17346 0 -0.031311 0 -0.084118 0 -0.060455 0 -0.16698 0 0 1 0 1 0 1 0.22228 0 0.003226 0 -0.23056 0 -0.040982 0 -0.11805 0 -0.078172 0 -0.073938 0 -0.031864 0 0 1 0 1 0.02502 0 -0.033757 0 -0.0097936 0 -0.066752 0 -0.068609 0 -0.10705 0 -0.21103 0 0 1 0 1 0 1 0 1 0 1 0 1 0 1 0 1 0 1 0 1 0 1 0 1 0 1 0 1 0 1 0 1 0 1 0 1 0 1 0 1 0 1 0 1 0 1 0 1 0 1 0 1 0 1 0 1 0 1 0 1 0 1 0 1 0 1 0 1 0 1 0 1 0 1 0 1 0 1 0 1 0 1 0 1 0 1 0 1 0 1 0 1 0 1 0 1 0 1 0 1 0 1 0 1 
0 1 0 1 0.092447 0 -0.024829 0 -0.0588 0 -0.17902 0 -0.081084 0 -0.15664 0 0 1 0 1 0 1 0 1 0.033498 0 0.15271 0 -0.04336 0 -0.17618 0 -0.091065 0 -0.21916 0 0 1 0 1 0 1 0.059615 0 0.058653 0 -0.17736 0 -0.066447 0 -0.10795 0 -0.11701 0 -0.16516 0 0 1 0 1 0 1 0 1 0 1 -0.18439 0 -0.011789 0 -0.21019 0 -0.20179 0 -0.11591 0 0 1 0 1 0 1 0 1 0 1 0 1 0 1 0 1 0 1 0 1 0 1 0 1 0 1 0 1 0 1 0 1 0 1 0 1 0 1 0 1 0 1 0 1 0 1 0 1 0 1 0 1 0 1 0 1 0 1 0 1 0 1 0 1 0 1 0 1 0 1 0 1 0 1 0 1 0 1 0 1 0 1 0 1 0 1 0 1 0 1 0 1 0 1 0 1 0 1 0 1 0 1 0 1 0 1 0 1 0 1 0 1 0 1 0 1 0 1 0 1 0 1 0 1 
0 1 0 1 0 1 -0.55492 0 -0.54827 0 0 1 0 1 0 1 0 1 0 1 0 1 0.29033 0 0.071998 0 -0.41428 0 0.10034 0 -0.035843 0 0.1069 0 0 1 0 1 0 1 0 1 0.1448 0 0.094404 0 -0.29866 0 0.010031 0 -0.10233 0 -0.079979 0 -0.15395 0 -0.049799 0 0 1 0 1 0.10215 0 0.054434 0 -0.39339 0 0.015304 0 -0.14129 0 -0.11725 0 -0.1471 0 0.016828 0 0 1 0 1 0.017289 0 -0.08854 0 -0.10838 0 -0.11588 0 -0.087728 0 -0.12431 0 -0.094009 0 0 1 0 1 0 1 0 1 0 1 0 1 0 1 0 1 0 1 0 1 0 1 0 1 0 1 0 1 0 1 0 1 0 1 0 1 0 1 0 1 0 1 0 1 0 1 0 1 0 1 0 1 0 1 0 1 0 1 0 1 0 1 0 1 0 1 0 1 0 1 0 1 0 1 0 1 0 1 0 1 0 1 0 1 0 1 0 1 0 1 0 1 0 1 0 1 0 1 0 1 0 1 0 1 
0 1 0 1 0 1 -0.88186 0 0 1 0 1 0 1 0 1 0 1 0 1 0 1 0 1 0 1 -0.85569 0 0 1 -0.094793 0 0 1 0 1 0 1 0 1 0 1 0.010516 0 0 1 -0.79371 0 -0.30825 0 0.054118 0 0.013863 0 0 1 0 1 0 1 0 1 0.16954 0 0.0016434 0 -0.26164 0 0.008678 0 0.075899 0 0.15981 0 0.018565 0 0 1 0 1 0 1 0.016957 0 -0.04898 0 -0.08272 0 0.025471 0 0.013947 0 0.011896 0 0.07619 0 0 1 0 1 0 1 0 1 0 1 0 1 0 1 0 1 0 1 0 1 0 1 0 1 0 1 0 1 0 1 0 1 0 1 0 1 0 1 0 1 0 1 0 1 0 1 0 1 0 1 0 1 0 1 0 1 0 1 0 1 0 1 0 1 0 1 0 1 0 1 0 1 0 1 0 1 0 1 0 1 0 1 0 1 0 1 0 1 0 1 0 1 0 1 0 1 0 1 0 1 0 1 0 1 
0 1 0 1 0 1 -0.8873 0 -0.81666 0 0 1 0 1 0 1 0 1 0 1 0 1 0 1 0 1 -0.91677 0 -0.82244 0 0 1 0 1 0 1 0 1 0 1 0 1 0.50369 0 0.12767 0 -0.8024 0 -0.37917 0 0.13012 0 0.045611 0 0.15052 0 0 1 0 1 0 1 0.23378 0 0.11513 0 -0.085892 0 0.012961 0 0.12299 0 0.15243 0 0.23661 0 0 1 0 1 0 1 -0.028256 0 -0.0048101 0 0.11982 0 0.030757 0 0.043333 0 0.063716 0 0.105 0 0 1 0 1 0 1 0 1 0 1 0 1 0 1 0 1 0 1 0 1 0 1 0 1 0 1 0 1 0 1 0 1 0 1 0 1 0 1 0 1 0 1 0 1 0 1 0 1 0 1 0 1 0 1 0 1 0 1 0 1 0 1 0 1 0 1 0 1 0 1 0 1 0 1 0 1 0 1 0 1 0 1 0 1 0 1 0 1 0 1 0 1 0 1 0 1 0 1 0 1 0 1 0 1 
0 1 0 1 0 1 -0.39144 0 -0.95708 0 0 1 0 1 0 1 0 1 0 1 0 1 0 1 0 1 0 1 -0.93277 0 0 1 0 1 0 1 0 1 0 1 0 1 0 1 0.11871 0 -0.59499 0 -0.79873 0 -0.23253 0 -0.5268 0 0 1 0 1 0 1 0 1 0.027766 0 0.09576 0 -0.28899 0 -0.18676 0 -0.021452 0 -0.065475 0 -0.014883 0 -0.74179 0 0 1 0 1 -0.037783 0 -0.009021 0 -0.36786 0 -0.077414 0 -0.095673 0 -0.08787 0 -0.039068 0 -0.47239 0 0 1 0 1 0 1 0 1 0 1 0 1 0 1 0 1 0 1 0 1 0 1 0 1 0 1 0 1 0 1 0 1 0 1 0 1 0 1 0 1 0 1 0 1 0 1 0 1 0 1 0 1 0 1 0 1 0 1 0 1 0 1 0 1 0 1 0 1 0 1 0 1 0 1 0 1 0 1 0 1 0 1 0 1 0 1 0 1 0 1 0 1 0 1 0 1 0 1 0 1 0 1 
0 1 0 1 0 1 -0.37404 0 -0.95152 0 0 1 0 1 0 1 0 1 0 1 0 1 0 1 0 1 -0.37717 0 -0.93957 0 0.10798 0 -0.12246 0 0 1 0 1 0 1 0 1 0 1 0 1 -0.88539 0 -0.82605 0 0.052098 0 0.069664 0 -0.081322 0 0 1 0 1 0 1 0 1 0 1 -0.73183 0 -0.28551 0 0.095655 0 -0.17981 0 -0.10748 0 -0.32219 0 0 1 0 1 0 1 0 1 -0.84534 0 0 1 -0.099267 0 -0.0059083 0 0.034705 0 -0.23965 0 0 1 0 1 0 1 0 1 0 1 0 1 0 1 0 1 0 1 0 1 0 1 0 1 0 1 0 1 0 1 0 1 0 1 0 1 0 1 0 1 0 1 0 1 0 1 0 1 0 1 0 1 0 1 0 1 0 1 0 1 0 1 0 1 0 1 0 1 0 1 0 1 0 1 0 1 0 1 0 1 0 1 0 1 0 1 0 1 0 1 0 1 0 1 0 1 0 1 0 1 0 1 
0 1 0 1 0 1 0 1 -0.90031 0 0.16799 0 0 1 0 1 0 1 0 1 0 1 0 1 0 1 -0.93311 0 -0.82009 0 0.012499 0 0.11717 0 0.10962 0 0 1 0 1 0 1 0 1 0 1 -0.80422 0 -0.56965 0 0.056604 0 -0.058552 0 0.22399 0 0.19668 0 0 1 0 1 0 1 0 1 -0.4949 0 -0.042931 0 0.068356 0 -0.23601 0 0.17454 0 0.15069 0 0 1 0 1 0 1 0 1 0 1 0 1 0 1 0 1 0 1 0 1 0 1 0 1 0 1 0 1 0 1 0 1 0 1 0 1 0 1 0 1 0 1 0 1 0 1 0 1 0 1 0 1 0 1 0 1 0 1 0 1 0 1 0 1 0 1 0 1 0 1 0 1 0 1 0 1 0 1 0 1 0 1 0 1 0 1 0 1 0 1 0 1 0 1 0 1 0 1 0 1 0 1 0 1 0 1 0 1 0 1 0 1 0 1 0 1 0 1 0 1 0 1 
0 1 0 1 0 1 -0.015786 0 -0.95971 0 0 1 0 1 0 1 0 1 0 1 0 1 0 1 0 1 -0.90022 0 -0.94211 0 0 1 0 1 0 1 0 1 0 1 0 1 0 1 0 1 -0.87399 0 -0.55018 0 0.045165 0 0.092714 0 0.2275 0 0.179 0 0 1 0 1 0 1 0 1 -0.42184 0 -0.246 0 0.075092 0 -0.22127 0 0.20818 0 0.14901 0 0 1 0 1 0 1 -0.04563 0 -0.047254 0 0.018487 0 0.027958 0 0.28301 0 0.2193 0 0.19418 0 0 1 0 1 0 1 0 1 0 1 0 1 0 1 0 1 0 1 0 1 0 1 0 1 0 1 0 1 0 1 0 1 0 1 0 1 0 1 0 1 0 1 0 1 0 1 0 1 0 1 0 1 0 1 0 1 0 1 0 1 0 1 0 1 0 1 0 1 0 1 0 1 0 1 0 1 0 1 0 1 0 1 0 1 0 1 0 1 0 1 0 1 0 1 0 1 0 1 0 1 0 1 
0 1 0 1 0 1 -0.8667 0 0 1 0 1 0 1 0 1 0 1 0 1 0 1 0 1 0 1 -0.65955 0 0 1 0 1 0 1 0 1 0 1 0 1 0 1 -0.54254 0 -0.10834 0 -0.3432 0 -0.056268 0 -0.1581 0 0 1 0 1 0 1 0 1 0 1 -0.38705 0 -0.11618 0 -0.17521 0 -0.080341 0 -0.19927 0 0.033082 0 0 1 0 1 0 1 0 1 -0.091666 0 -0.11232 0 -0.038434 0 -0.32695 0 0.043865 0 -0.062747 0 0 1 0 1 0 1 0 1 0 1 -0.086337 0 0 1 0 1 0 1 0 1 0 1 0 1 0 1 0 1 0 1 0 1 0 1 0 1 0 1 0 1 0 1 0 1 0 1 0 1 0 1 0 1 0 1 0 1 0 1 0 1 0 1 0 1 0 1 0 1 0 1 0 1 0 1 0 1 0 1 0 1 0 1 0 1 0 1 0 1 0 1 0 1 0 1 0 1 0 1 0 1 0 1 0 1 0 1 
0 1 0 1 -0.20034 0 -0.58918 0 0 1 0 1 0 1 0 1 0 1 0 1 0 1 0 1 -0.24642 0 -0.60205 0 0.10316 0 -0.035319 0 0 1 0 1 0 1 0 1 0 1 -0.46774 0 -0.024027 0 -0.17877 0 -0.037398 0 -0.10691 0 -0.088533 0 0 1 0 1 0 1 0 1 -0.033278 0 -0.069647 0 -0.043625 0 -0.10182 0 -0.12573 0 -0.09286 0 0 1 0 1 0 1 0 1 -0.022073 0 -0.031252 0 -0.03815 0 -0.089668 0 -0.13206 0 -0.26518 0 0 1 0 1 0 1 0 1 0 1 0 1 0 1 0 1 -0.11833 0 0 1 0 1 0 1 0 1 0 1 0 1 0 1 0 1 0 1 0 1 0 1 0 1 0 1 0 1 0 1 0 1 0 1 0 1 0 1 0 1 0 1 0 1 0 1 0 1 0 1 0 1 0 1 0 1 0 1 0 1 0 1 0 1 0 1 0 1 0 1 0 1 0 1 0 1 0 1 0 1 0 1 0 1 0 1 0 1 
0 1 0 1 0 1 -0.47811 0 0 1 0 1 0 1 0 1 0 1 0 1 0 1 0 1 0.20998 0 -0.31083 0 0 1 -0.36414 0 0 1 0 1 0 1 0 1 0 1 -0.18296 0 -0.026436 0 -0.10359 0 -0.088627 0 -0.03219 0 -0.06405 0 0 1 0 1 0 1 0 1 -0.13872 0 -0.010168 0 -0.20109 0 -0.066837 0 -0.11386 0 -0.12526 0 -0.12824 0 0 1 0 1 0 1 -0.075062 0 -0.0060317 0 -0.098314 0 -0.034791 0 -0.10278 0 -0.16801 0 0 1 0 1 0 1 0 1 -0.2213 0 0 1 0 1 0 1 0 1 0 1 0 1 0 1 0 1 0 1 0 1 0 1 0 1 0 1 0 1 0 1 0 1 0 1 0 1 0 1 0 1 0 1 0 1 0 1 0 1 0 1 0 1 0 1 0 1 0 1 0 1 0 1 0 1 0 1 0 1 0 1 0 1 0 1 0 1 0 1 0 1 0 1 0 1 0 1 0 1 0 1 0 1 0 1 0 1 
0 1 0 1 0 1 -0.83139 0 0 1 0 1 0 1 0 1 0 1 0 1 0 1 0 1 0 1 -0.73505 0 -0.0012889 0 0 1 0 1 0 1 0 1 0 1 0 1 -0.602 0 -0.36971 0 -0.43831 0 -0.22173 0 -0.34394 0 0 1 0 1 0 1 0 1 0 1 -0.49236 0 -0.066584 0 -0.13647 0 -0.062199 0 -0.082282 0 -0.52344 0 0 1 0 1 0 1 0 1 -0.15864 0 0.012154 0 -0.021366 0 0.024386 0 -0.0048466 0 -0.35789 0 0 1 0 1 0 1 0 1 0 1 0 1 0 1 0 1 0 1 0 1 0 1 0 1 0 1 0 1 0 1 0 1 0 1 0 1 0 1 0 1 0 1 0 1 0 1 0 1 0 1 0 1 0 1 0 1 0 1 0 1 0 1 0 1 0 1 0 1 0 1 0 1 0 1 0 1 0 1 0 1 0 1 0 1 0 1 0 1 0 1 0 1 0 1 0 1 0 1 0 1 0 1 0 1 0 1 
0 1 0 1 0 1 -0.81887 0 0 1 0.32695 0 0 1 0 1 0 1 0 1 0 1 0 1 0.056418 0 -0.70907 0 -0.2228 0 -0.22812 0 0 1 0 1 0 1 0 1 0 1 0 1 0 1 -0.49158 0 -0.10533 0 -0.029176 0 0.021733 0 0 1 0 1 0 1 0 1 -0.46603 0 -0.095902 0 -0.17688 0 -0.06853 0 -0.15364 0 0.12691 0 0 1 0 1 0 1 0 1 -0.10168 0 -0.079674 0 0.12967 0 0.024909 0 0.084413 0 0.12227 0 0 1 0 1 0 1 0 1 0.031652 0 -0.011721 0 0.15642 0 -0.096885 0 0 1 0 1 0 1 0 1 0 1 0 1 0 1 0 1 0 1 0 1 0 1 0 1 0 1 0 1 0 1 0 1 0 1 0 1 0 1 0 1 0 1 0 1 0 1 0 1 0 1 0 1 0 1 0 1 0 1 0 1 0 1 0 1 0 1 0 1 0 1 0 1 0 1 0 1 0 1 0 1 0 1 0 1 0 1 0 1 0 1 
0 1 0 1 0 1 -0.81199 0 0 1 0.0083553 0 0 1 0 1 0 1 0 1 0 1 0 1 0 1 -0.72554 0 0 1 0 1 0 1 0 1 0 1 0 1 0 1 0.12775 0 -0.21595 0 -0.54723 0 -0.032806 0 -0.12527 0 0 1 0 1 0 1 0 1 0 1 0.050193 0 -0.12138 0 0.020817 0 0.060736 0 0.068663 0 -0.11161 0 0 1 0 1 0 1 0 1 -0.032099 0 -0.048423 0 0.10908 0 0.023938 0 0.086278 0 0.055203 0 0 1 0 1 0 1 0 1 0 1 -0.74514 0 0 1 0.27682 0 0 1 0 1 0 1 0 1 0 1 0 1 0 1 0 1 0 1 0 1 0 1 0 1 0 1 0 1 0 1 0 1 0 1 0 1 0 1 0 1 0 1 0 1 0 1 0 1 0 1 0 1 0 1 0 1 0 1 0 1 0 1 0 1 0 1 0 1 0 1 0 1 0 1 0 1 0 1 0 1 0 1 0 1 0 1 0 1 0 1 
0 1 0 1 0 1 -0.74224 0 0 1 0 1 0 1 0 1 0 1 0 1 0 1 0 1 0 1 -0.72394 0 0 1 -0.28317 0 0 1 0 1 0 1 0 1 0 1 -0.3092 0 0.27935 0 -0.56396 0 -0.053232 0 -0.059581 0 -0.25709 0 0 1 0 1 0 1 0 1 -0.15876 0 -0.0098179 0 -0.026037 0 -0.10879 0 -0.048709 0 -0.077855 0 0 1 0 1 0 1 0 1 -0.070708 0 0.012175 0 0.11654 0 -0.084258 0 -0.15571 0 -0.021313 0 0 1 0 1 0 1 0 1 -0.043228 0 -0.16039 0 0 1 0 1 0 1 0 1 0 1 0 1 0 1 0 1 0 1 0 1 0 1 0 1 0 1 0 1 0 1 0 1 0 1 0 1 0 1 0 1 0 1 0 1 0 1 0 1 0 1 0 1 0 1 0 1 0 1 0 1 0 1 0 1 0 1 0 1 0 1 0 1 0 1 0 1 0 1 0 1 0 1 0 1 0 1 0 1 0 1 0 1 0 1 
0 1 0 1 0 1 0 1 -0.92754 0 0 1 0 1 0 1 0 1 0 1 0 1 0 1 0 1 0 1 -0.94718 0 0 1 0 1 0 1 0 1 0 1 0 1 0 1 0 1 0 1 -0.95135 0 0 1 0 1 0 1 0 1 0 1 0 1 0 1 0 1 0.0054709 0 -0.82591 0 0 1 0 1 0 1 0 1 0 1 0 1 -0.010164 0 -0.011982 0 0.026912 0 -0.51225 0 0 1 0 1 0 1 0 1 0 1 0 1 0.0014493 0 -0.0065515 0 0.017902 0 0.10798 0 0 1 0 1 0 1 0 1 0 1 0 1 0 1 0 1 0 1 0 1 0 1 0 1 0 1 0 1 0 1 0 1 0 1 0 1 0 1 0 1 0 1 0 1 0 1 0 1 0 1 0 1 0 1 0 1 0 1 0 1 0 1 0 1 0 1 0 1 0 1 0 1 0 1 0 1 0 1 0 1 0 1 0 1 0 1 0 1 0 1 
0 1 0 1 0 1 0 1 -0.94265 0 0 1 0 1 0 1 0 1 0 1 0 1 0 1 0 1 0.35559 0 -0.9453 0 0 1 0 1 0 1 0 1 0 1 0 1 0 1 0 1 0 1 -0.94918 0 0 1 0 1 0 1 0 1 0 1 0 1 0 1 0 1 -0.022799 0 -0.83487 0 0 1 0 1 0 1 0 1 0 1 0 1 -0.040042 0 -0.0098567 0 0.020428 0 -0.51876 0 0 1 0 1 0 1 0 1 0 1 0 1 -0.0046341 0 -0.005471 0 0.027553 0 -0.045942 0 0 1 0 1 0 1 0 1 0 1 0 1 0 1 0 1 0 1 0 1 0 1 0 1 0 1 0 1 0 1 0 1 0 1 0 1 0 1 0 1 0 1 0 1 0 1 0 1 0 1 0 1 0 1 0 1 0 1 0 1 0 1 0 1 0 1 0 1 0 1 0 1 0 1 0 1 0 1 0 1 0 1 0 1 0 1 0 1 0 1 
0 1 0 1 0 1 0 1 -0.9513 0 0 1 0 1 0 1 0 1 0 1 0 1 0 1 0 1 0 1 -0.93963 0 0 1 0 1 0 1 0 1 0 1 0 1 0 1 0 1 0 1 -0.95845 0 0 1 0 1 0 1 0 1 0 1 0 1 0 1 0 1 -0.025156 0 -0.83518 0 0 1 0 1 0 1 0 1 0 1 0 1 -0.03181 0 -0.016138 0 0.016406 0 -0.52169 0 0 1 0 1 0 1 0 1 0 1 0 1 -0.012352 0 0.015058 0 0.0050174 0 0.027941 0 0 1 0 1 0 1 0 1 0 1 0 1 0 1 0 1 0 1 0 1 0 1 0 1 0 1 0 1 0 1 0 1 0 1 0 1 0 1 0 1 0 1 0 1 0 1 0 1 0 1 0 1 0 1 0 1 0 1 0 1 0 1 0 1 0 1 0 1 0 1 0 1 0 1 0 1 0 1 0 1 0 1 0 1 0 1 0 1 0 1 
0 1 0 1 0 1 0 1 -0.9481 0 0 1 0 1 0 1 0 1 0 1 0 1 0 1 0 1 0 1 -0.93476 0 0 1 0 1 0 1 0 1 0 1 0 1 0 1 0 1 0 1 -0.95306 0 0 1 0 1 0 1 0 1 0 1 0 1 0 1 0 1 -0.0015061 0 -0.82954 0 0 1 0 1 0 1 0 1 0 1 0 1 -0.023032 0 0.0082677 0 0.062495 0 -0.52577 0 0 1 0 1 0 1 0 1 0 1 0 1 0.0113 0 0.0078513 0 0.014481 0 0.11366 0 0 1 0 1 0 1 0 1 0 1 0 1 0 1 0 1 0 1 0 1 0 1 0 1 0 1 0 1 0 1 0 1 0 1 0 1 0 1 0 1 0 1 0 1 0 1 0 1 0 1 0 1 0 1 0 1 0 1 0 1 0 1 0 1 0 1 0 1 0 1 0 1 0 1 0 1 0 1 0 1 0 1 0 1 0 1 0 1 0 1 
0 1 0 1 0 1 0 1 -0.95724 0 0 1 0 1 0 1 0 1 0 1 0 1 0 1 0 1 -0.026273 0 -0.94283 0 0 1 0 1 0 1 0 1 0 1 0 1 0 1 0 1 0.042855 0 -0.8625 0 0 1 0 1 0 1 0 1 0 1 0 1 -0.033678 0 -0.0089999 0 0.060995 0 -0.64156 0 0 1 0 1 0 1 0 1 0 1 0 1 -0.029929 0 0.01249 0 -0.012541 0 -0.69676 0 0 1 0 1 0 1 0 1 0 1 0 1 0.00069995 0 0.01175 0 -0.028234 0 -0.37275 0 0 1 0 1 0 1 0 1 0 1 0 1 0 1 0 1 0 1 0 1 0 1 0 1 0 1 0 1 0 1 0 1 0 1 0 1 0 1 0 1 0 1 0 1 0 1 0 1 0 1 0 1 0 1 0 1 0 1 0 1 0 1 0 1 0 1 0 1 0 1 0 1 0 1 0 1 0 1 0 1 0 1 0 1 0 1 0 1 0 1 
0 1 0 1 0 1 0 1 -0.9636 0 0 1 0 1 0 1 0 1 0 1 0 1 0 1 0 1 0.063083 0 -0.95993 0 0 1 0 1 0 1 0 1 0 1 0 1 0 1 0 1 -0.0080155 0 -0.94447 0 0 1 0 1 0 1 0 1 0 1 0 1 0 1 0 1 0.051403 0 -0.62417 0 0 1 0 1 0 1 0 1 0 1 0 1 -0.014133 0 -0.016788 0 -0.0015394 0 -0.63868 0 0 1 0 1 0 1 0 1 0 1 0 1 0.011058 0 0.030372 0 -0.0026699 0 -0.35878 0 0 1 0 1 0 1 0 1 0 1 0 1 0 1 0 1 0 1 0 1 0 1 0 1 0 1 0 1 0 1 0 1 0 1 0 1 0 1 0 1 0 1 0 1 0 1 0 1 0 1 0 1 0 1 0 1 0 1 0 1 0 1 0 1 0 1 0 1 0 1 0 1 0 1 0 1 0 1 0 1 0 1 0 1 0 1 0 1 0 1 
0 1 0 1 0 1 -0.46009 0 -0.95185 0 0 1 0 1 0 1 0 1 0 1 0 1 0 1 0 1 0.12216 0 -0.94413 0 0 1 0 1 0 1 0 1 0 1 0 1 0 1 0 1 0.014292 0 -0.88948 0 0 1 0 1 0 1 0 1 0 1 0 1 0 1 0 1 0.050226 0 -0.62039 0 0 1 0 1 0 1 0 1 0 1 0 1 -0.0081631 0 0.013989 0 -0.0047661 0 -0.67649 0 0 1 0 1 0 1 0 1 0 1 0 1 -0.0061968 0 -0.02186 0 -0.031095 0 -0.089479 0 0 1 0 1 0 1 0 1 0 1 0 1 0 1 0 1 0 1 0 1 0 1 0 1 0 1 0 1 0 1 0 1 0 1 0 1 0 1 0 1 0 1 0 1 0 1 0 1 0 1 0 1 0 1 0 1 0 1 0 1 0 1 0 1 0 1 0 1 0 1 0 1 0 1 0 1 0 1 0 1 0 1 0 1 0 1 0 1 0 1 
0 1 0 1 0.021952 0 0 1 -0.96974 0 0 1 0 1 0 1 0 1 0 1 0 1 0 1 0 1 0.050566 0 -0.95441 0 0 1 0 1 0 1 0 1 0 1 0 1 0 1 0 1 0.047614 0 -0.85502 0 0 1 0 1 0 1 0 1 0 1 0 1 -0.035678 0 0.011445 0 0.039403 0 -0.64008 0 0 1 0 1 0 1 0 1 0 1 0 1 -0.00012544 0 0.018281 0 -0.010505 0 -0.73923 0 0 1 0 1 0 1 0 1 0 1 0 1 -0.0023629 0 0.0088629 0 -0.061443 0 -0.31277 0 0 1 0 1 0 1 0 1 0 1 0 1 0 1 0 1 0 1 0 1 0 1 0 1 0 1 0 1 0 1 0 1 0 1 0 1 0 1 0 1 0 1 0 1 0 1 0 1 0 1 0 1 0 1 0 1 0 1 0 1 0 1 0 1 0 1 0 1 0 1 0 1 0 1 0 1 0 1 0 1 0 1 0 1 0 1 0 1 0 1 
0 1 0 1 0 1 0 1 -0.38183 0 -0.20481 0 0 1 0 1 0 1 0 1 0 1 0 1 0 1 0 1 -0.90169 0 -0.20255 0 0 1 0 1 0 1 0 1 0 1 0 1 0 1 0 1 -0.97097 0 0 1 0 1 0 1 0 1 0 1 0 1 0 1 0 1 0 1 -0.94228 0 0 1 0 1 0 1 0 1 0 1 0 1 0 1 0 1 0 1 -1.0002 0 0 1 0 1 0 1 0 1 0 1 0 1 0 1 0 1 0 1 0 1 0 1 0 1 0 1 0 1 0 1 0 1 0 1 0 1 0 1 0 1 0 1 0 1 0 1 0 1 0 1 0 1 0 1 0 1 0 1 0 1 0 1 0 1 0 1 0 1 0 1 0 1 0 1 0 1 0 1 0 1 0 1 0 1 0 1 0 1 0 1 0 1 0 1 0 1 0 1 0 1 0 1 0 1 0 1 0 1 0 1 
0 1 0 1 0 1 -0.7362 0 -0.32209 0 0 1 0 1 0 1 0 1 0 1 0 1 0 1 0 1 -0.65397 0 0.18664 0 0 1 0 1 0 1 0 1 0 1 0 1 0 1 0 1 -0.74195 0 0.39515 0 0 1 0 1 0 1 0 1 0 1 0 1 0 1 -0.12713 0 -0.42529 0 0.11044 0 0 1 0 1 0 1 0 1 0 1 0 1 0.14627 0 -0.047014 0 -0.18503 0 0.6059 0 0 1 0 1 0 1 0 1 0 1 0 1 0.047785 0 -0.013691 0 -0.16842 0 0.056767 0 0 1 0 1 0 1 0 1 0 1 0 1 0 1 0 1 0 1 0 1 0 1 0 1 0 1 0 1 0 1 0 1 0 1 0 1 0 1 0 1 0 1 0 1 0 1 0 1 0 1 0 1 0 1 0 1 0 1 0 1 0 1 0 1 0 1 0 1 0 1 0 1 0 1 0 1 0 1 0 1 0 1 0 1 0 1 0 1 0 1 
0 1 0 1 -0.11154 0 -0.70609 0 -0.66777 0 0 1 0 1 0 1 0 1 0 1 0 1 0 1 0.10096 0 -0.6561 0 0.16882 0 0 1 0 1 0 1 0 1 0 1 0 1 0 1 -0.058376 0 -0.45668 0 0.077828 0 0 1 0 1 0 1 0 1 0 1 0 1 0.10165 0 -0.16158 0 -0.19094 0 -0.09344 0 0 1 0 1 0 1 0 1 0 1 0 1 0.035492 0 -0.19503 0 -0.26896 0 0 1 0 1 0 1 0 1 0 1 0 1 0 1 -0.026913 0 -0.15416 0 -0.2556 0 0 1 0 1 0 1 0 1 0 1 0 1 0 1 0 1 0 1 0 1 0 1 0 1 0 1 0 1 0 1 0 1 0 1 0 1 0 1 0 1 0 1 0 1 0 1 0 1 0 1 0 1 0 1 0 1 0 1 0 1 0 1 0 1 0 1 0 1 0 1 0 1 0 1 0 1 0 1 0 1 0 1 0 1 0 1 0 1 0 1 0 1 
0 1 0 1 0 1 -0.5717 0 0 1 0 1 0 1 0 1 0 1 0 1 0 1 0 1 0.10321 0 -0.67409 0 0 1 0 1 0 1 0 1 0 1 0 1 0 1 0 1 0 1 -0.76213 0 0.2098 0 0 1 0 1 0 1 0 1 0 1 0 1 0 1 -0.11488 0 -0.20568 0 0.19737 0 0 1 0 1 0 1 0 1 0 1 0 1 0.093461 0 -0.11005 0 -0.057483 0 0.19031 0 0 1 0 1 0 1 0 1 0 1 0 1 -0.072025 0 -0.112 0 -0.2128 0 0 1 0 1 0 1 0 1 0 1 0 1 0 1 0 1 0 1 0 1 0 1 0 1 0 1 0 1 0 1 0 1 0 1 0 1 0 1 0 1 0 1 0 1 0 1 0 1 0 1 0 1 0 1 0 1 0 1 0 1 0 1 0 1 0 1 0 1 0 1 0 1 0 1 0 1 0 1 0 1 0 1 0 1 0 1 0 1 0 1 0 1 
0 1 0 1 0 1 0 1 -0.86699 0 0 1 0 1 0 1 0 1 0 1 0 1 0 1 0 1 0.059181 0 -0.83001 0 -0.15874 0 0 1 0 1 0 1 0 1 0 1 0 1 0 1 0 1 -0.66609 0 -0.028876 0 0 1 0 1 0 1 0 1 0 1 0 1 0 1 0.051446 0 -0.44517 0 -0.033734 0 0 1 0 1 0 1 0 1 0 1 -0.030955 0 -0.013144 0 0.0035158 0 -0.35682 0 0.10801 0 0 1 0 1 0 1 0 1 0 1 -0.011372 0 -0.0074935 0 -0.011896 0 -0.34685 0 0 1 0 1 0 1 0 1 0 1 0 1 0 1 0 1 0 1 0 1 0 1 0 1 0 1 0 1 0 1 0 1 0 1 0 1 0 1 0 1 0 1 0 1 0 1 0 1 0 1 0 1 0 1 0 1 0 1 0 1 0 1 0 1 0 1 0 1 0 1 0 1 0 1 0 1 0 1 0 1 0 1 0 1 0 1 0 1 0 1 
0 1 0 1 0 1 0 1 -0.97574 0 0 1 0 1 0 1 0 1 0 1 0 1 0 1 0 1 0 1 -0.96323 0 -0.14374 0 0 1 0 1 0 1 0 1 0 1 0 1 0 1 0 1 -0.87008 0 -0.3407 0 0 1 0 1 0 1 0 1 0 1 0 1 0 1 0.082391 0 -0.78758 0 -0.27812 0 0 1 0 1 0 1 0 1 0 1 -0.27209 0 -0.033188 0 0.03138 0 -0.69546 0 -0.54824 0 0 1 0 1 0 1 0 1 0 1 0 1 0.14129 0 0 1 0 1 0 1 0 1 0 1 0 1 0 1 0 1 0 1 0 1 0 1 0 1 0 1 0 1 0 1 0 1 0 1 0 1 0 1 0 1 0 1 0 1 0 1 0 1 0 1 0 1 0 1 0 1 0 1 0 1 0 1 0 1 0 1 0 1 0 1 0 1 0 1 0 1 0 1 0 1 0 1 0 1 0 1 0 1 0 1 0 1 0 1 
0 1 0 1 0 1 0 1 -0.46326 0 -0.10132 0 0 1 0 1 0 1 0 1 0 1 0 1 0 1 0 1 -0.7692 0 -0.43939 0 0 1 0 1 0 1 0 1 0 1 0 1 0 1 0 1 -0.86183 0 -0.21097 0 0 1 0 1 0 1 0 1 0 1 0 1 0 1 0 1 -0.89658 0 -0.33722 0 0 1 0 1 0 1 0 1 0 1 -0.35911 0 -0.055418 0 -0.040341 0 -0.72851 0 0 1 0 1 0 1 0 1 0 1 0 1 -0.20895 0 -0.012728 0 -0.021683 0 -0.31055 0 0 1 0 1 0 1 0 1 0 1 0 1 0 1 0 1 0 1 0 1 0 1 0 1 0 1 0 1 0 1 0 1 0 1 0 1 0 1 0 1 0 1 0 1 0 1 0 1 0 1 0 1 0 1 0 1 0 1 0 1 0 1 0 1 0 1 0 1 0 1 0 1 0 1 0 1 0 1 0 1 0 1 0 1 0 1 0 1 0 1 
0 1 0 1 0 1 0 1 -0.98102 0 0 1 0 1 0 1 0 1 0 1 0 1 0 1 0 1 0 1 -0.97478 0 0 1 0 1 0 1 0 1 0 1 0 1 0 1 0 1 0 1 -0.97195 0 0 1 0 1 0 1 0 1 0 1 0 1 0 1 0 1 0 1 -0.96386 0 0 1 0 1 0 1 0 1 0 1 0 1 -0.24283 0 -0.047339 0 -0.031308 0 -0.84862 0 0 1 0 1 0 1 0 1 0 1 0 1 0 1 0 1 0 1 0 1 0 1 0 1 0 1 0 1 0 1 0 1 0 1 0 1 0 1 0 1 0 1 0 1 0 1 0 1 0 1 0 1 0 1 0 1 0 1 0 1 0 1 0 1 0 1 0 1 0 1 0 1 0 1 0 1 0 1 0 1 0 1 0 1 0 1 0 1 0 1 0 1 0 1 0 1 0 1 0 1 0 1 0 1 0 1 0 1 0 1 
0 1 0 1 0 1 0 1 -0.98127 0 0 1 0 1 0 1 0 1 0 1 0 1 0 1 0 1 0 1 -0.978 0 0 1 0 1 0 1 0 1 0 1 0 1 0 1 0 1 0 1 -0.97139 0 0 1 0 1 0 1 0 1 0 1 0 1 0 1 0 1 0 1 -0.96296 0 0 1 0 1 0 1 0 1 0 1 0 1 -0.25566 0 -0.017007 0 -0.056934 0 -0.83492 0 0 1 0 1 0 1 0 1 0 1 0 1 0 1 0 1 0 1 0 1 0 1 0 1 0 1 0 1 0 1 0 1 0 1 0 1 0 1 0 1 0 1 0 1 0 1 0 1 0 1 0 1 0 1 0 1 0 1 0 1 0 1 0 1 0 1 0 1 0 1 0 1 0 1 0 1 0 1 0 1 0 1 0 1 0 1 0 1 0 1 0 1 0 1 0 1 0 1 0 1 0 1 0 1 0 1 0 1 0 1 
0 1 0 1 0 1 0 1 -0.96019 0 0 1 0 1 0 1 0 1 0 1 0 1 0 1 0 1 0 1 -0.978 0 0 1 0 1 0 1 0 1 0 1 0 1 0 1 0 1 0 1 -0.97209 0 0 1 0 1 0 1 0 1 0 1 0 1 0 1 0 1 0 1 -0.96172 0 0 1 0 1 0 1 0 1 0 1 0 1 -0.087888 0 -0.025326 0 -0.018564 0 -0.86266 0 0 1 0 1 0 1 0 1 0 1 0 1 0 1 0 1 0 1 0 1 0 1 0 1 0 1 0 1 0 1 0 1 0 1 0 1 0 1 0 1 0 1 0 1 0 1 0 1 0 1 0 1 0 1 0 1 0 1 0 1 0 1 0 1 0 1 0 1 0 1 0 1 0 1 0 1 0 1 0 1 0 1 0 1 0 1 0 1 0 1 0 1 0 1 0 1 0 1 0 1 0 1 0 1 0 1 0 1 0 1 
0 1 0 1 0 1 0 1 -0.98818 0 0 1 0 1 0 1 0 1 0 1 0 1 0 1 0 1 0 1 -0.97691 0 0 1 0 1 0 1 0 1 0 1 0 1 0 1 0 1 0 1 -0.97202 0 0 1 0 1 0 1 0 1 0 1 0 1 0 1 0 1 0 1 -0.9623 0 0 1 0 1 0 1 0 1 0 1 0 1 0 1 0 1 0 1 -0.90261 0 0 1 0 1 0 1 0 1 0 1 0 1 0 1 0 1 0 1 0 1 0 1 0 1 0 1 0 1 0 1 0 1 0 1 0 1 0 1 0 1 0 1 0 1 0 1 0 1 0 1 0 1 0 1 0 1 0 1 0 1 0 1 0 1 0 1 0 1 0 1 0 1 0 1 0 1 0 1 0 1 0 1 0 1 0 1 0 1 0 1 0 1 0 1 0 1 0 1 0 1 0 1 0 1 0 1 0 1 0 1 
0 1 0 1 0 1 0 1 -0.98725 0 0 1 0 1 0 1 0 1 0 1 0 1 0 1 0 1 0 1 -0.97572 0 0 1 0 1 0 1 0 1 0 1 0 1 0 1 0 1 0 1 -0.97147 0 0 1 0 1 0 1 0 1 0 1 0 1 0 1 0 1 0 1 -0.96345 0 0 1 0 1 0 1 0 1 0 1 0 1 0 1 0 1 0 1 -0.94118 0 0 1 0 1 0 1 0 1 0 1 0 1 0 1 0 1 0 1 0 1 0 1 0 1 0 1 0 1 0 1 0 1 0 1 0 1 0 1 0 1 0 1 0 1 0 1 0 1 0 1 0 1 0 1 0 1 0 1 0 1 0 1 0 1 0 1 0 1 0 1 0 1 0 1 0 1 0 1 0 1 0 1 0 1 0 1 0 1 0 1 0 1 0 1 0 1 0 1 0 1 0 1 0 1 0 1 0 1 0 1 
0 1 0 1 0 1 -0.89566 0 -0.93869 0 0 1 0 1 0 1 0 1 0 1 0 1 0 1 0 1 -0.90594 0 -0.9266 0 0 1 0 1 0 1 0 1 0 1 0 1 0 1 -0.32494 0 -0.87805 0 -0.91218 0 0 1 0 1 0 1 0 1 0 1 0 1 -0.049713 0 -0.24248 0 -0.29609 0 -0.59906 0 0 1 0 1 0 1 0 1 0 1 0 1 -0.037984 0 0.028137 0 -0.079768 0 -0.39803 0 0 1 0 1 0 1 0 1 0 1 0 1 -0.10813 0 -0.039652 0 0.033092 0 -0.14742 0 0 1 0 1 0 1 0 1 0 1 0 1 0 1 0 1 0 1 0 1 0 1 0 1 0 1 0 1 0 1 0 1 0 1 0 1 0 1 0 1 0 1 0 1 0 1 0 1 0 1 0 1 0 1 0 1 0 1 0 1 0 1 0 1 0 1 0 1 0 1 0 1 0 1 0 1 0 1 0 1 0 1 0 1 0 1 0 1 0 1 
0 1 0 1 0 1 -0.93298 0 -0.95135 0 0 1 0 1 0 1 0 1 0 1 0 1 0 1 0 1 -0.92723 0 -0.92196 0 0 1 0 1 0 1 0 1 0 1 0 1 0 1 0 1 -0.87101 0 -0.8978 0 0 1 0 1 0 1 0 1 0 1 0 1 -0.15133 0 -0.10767 0 -0.31542 0 -0.59567 0 0 1 0 1 0 1 0 1 0 1 0 1 0.024844 0 0.026057 0 -0.10853 0 -0.38217 0 0 1 0 1 0 1 0 1 0 1 0 1 0.0094185 0 -0.04563 0 0.18377 0 -0.881 0 0 1 0 1 0 1 0 1 0 1 0 1 0 1 0 1 0 1 0 1 0 1 0 1 0 1 0 1 0 1 0 1 0 1 0 1 0 1 0 1 0 1 0 1 0 1 0 1 0 1 0 1 0 1 0 1 0 1 0 1 0 1 0 1 0 1 0 1 0 1 0 1 0 1 0 1 0 1 0 1 0 1 0 1 0 1 0 1 0 1 
0 1 0 1 0 1 -0.94937 0 -0.94377 0 0 1 0 1 0 1 0 1 0 1 0 1 0 1 0 1 -0.88514 0 -0.93088 0 0 1 0 1 0 1 0 1 0 1 0 1 0 1 0 1 -0.86465 0 -0.88158 0 0 1 0 1 0 1 0 1 0 1 0 1 -0.0031172 0 -0.208 0 -0.29613 0 -0.64164 0 0 1 0 1 0 1 0 1 0 1 0 1 -0.0007615 0 0.055376 0 -0.097165 0 -0.47188 0 0 1 0 1 0 1 0 1 0 1 0 1 -0.016851 0 -0.04053 0 -0.049196 0 0 1 0 1 0 1 0 1 0 1 0 1 0 1 0 1 0 1 0 1 0 1 0 1 0 1 0 1 0 1 0 1 0 1 0 1 0 1 0 1 0 1 0 1 0 1 0 1 0 1 0 1 0 1 0 1 0 1 0 1 0 1 0 1 0 1 0 1 0 1 0 1 0 1 0 1 0 1 0 1 0 1 0 1 0 1 0 1 0 1 0 1 
0 1 0 1 -0.16796 0 -0.82393 0 -0.95492 0 0 1 0 1 0 1 0 1 0 1 0 1 0 1 0.047252 0 -0.75963 0 -0.92454 0 0 1 0 1 0 1 0 1 0 1 0 1 -0.28299 0 -0.30756 0 -0.37353 0 -0.69534 0 0 1 0 1 0 1 0 1 0 1 0 1 -0.023865 0 -0.03641 0 -0.22458 0 -0.30428 0 0 1 0 1 0 1 0 1 0 1 0 1 0 1 -0.3251 0 -0.29145 0 0.22219 0 0 1 0 1 0 1 0 1 0 1 0 1 0.056948 0 -0.18777 0 -0.13549 0 0.15533 0 0 1 0 1 0 1 0 1 0 1 0 1 0.009165 0 0.094004 0 0.036755 0 0 1 0 1 0 1 0 1 0 1 0 1 0 1 0 1 0 1 0 1 0 1 0 1 0 1 0 1 0 1 0 1 0 1 0 1 0 1 0 1 0 1 0 1 0 1 0 1 0 1 0 1 0 1 0 1 0 1 0 1 0 1 0 1 0 1 0 1 0 1 0 1 
0 1 0 1 0 1 -0.68214 0 -0.87152 0 0 1 0 1 0 1 0 1 0 1 0 1 0 1 0 1 -0.78517 0 -0.92798 0 0 1 0 1 0 1 0 1 0 1 0 1 -0.15609 0 -0.19738 0 -0.36201 0 -0.73617 0 0 1 0 1 0 1 0 1 0 1 0 1 -0.013048 0 -0.094181 0 -0.20903 0 -0.36017 0 0 1 0 1 0 1 0 1 0 1 0 1 0 1 -0.21835 0 -0.32058 0 -0.63978 0 0 1 0 1 0 1 0 1 0 1 0 1 0.0037876 0 -0.15256 0 -0.13291 0 0 1 0 1 0 1 0 1 0 1 0 1 0 1 0 1 0.065558 0 0 1 0 1 0 1 0 1 0 1 0 1 0 1 0 1 0 1 0 1 0 1 0 1 0 1 0 1 0 1 0 1 0 1 0 1 0 1 0 1 0 1 0 1 0 1 0 1 0 1 0 1 0 1 0 1 0 1 0 1 0 1 0 1 0 1 0 1 0 1 0 1 0 1 
0 1 0 1 0 1 -0.90015 0 -0.9397 0 0 1 0 1 0 1 0 1 0 1 0 1 0.19154 0 0 1 -0.83961 0 -0.93301 0 0 1 0 1 0 1 0 1 0 1 0 1 0 1 -0.37643 0 -0.50141 0 -0.81301 0 0 1 0 1 0 1 0 1 0 1 0 1 -0.053158 0 -0.096191 0 -0.13634 0 -0.35957 0 0 1 0 1 0 1 0 1 0 1 0 1 0.14739 0 -0.19159 0 -0.22942 0 -0.29039 0 0 1 0 1 0 1 0 1 0 1 0 1 0.067153 0 -0.079313 0 -0.14999 0 0 1 0 1 0 1 0 1 0 1 0 1 0 1 0 1 -0.061728 0 -0.47832 0 0 1 0 1 0 1 0 1 0 1 0 1 0 1 0 1 0 1 0 1 0 1 0 1 0 1 0 1 0 1 0 1 0 1 0 1 0 1 0 1 0 1 0 1 0 1 0 1 0 1 0 1 0 1 0 1 0 1 0 1 0 1 0 1 0 1 0 1 0 1 0 1 
0 1 0 1 0 1 -0.8564 0 -0.97334 0 0 1 0 1 0 1 0 1 0 1 0 1 0 1 0 1 -0.81893 0 -0.90145 0 0 1 0 1 0 1 0 1 0 1 0 1 -0.16741 0 -0.13496 0 -0.39566 0 -0.71312 0 0 1 0 1 0 1 0 1 0 1 0 1 0.012345 0 -0.09273 0 -0.22306 0 -0.29447 0 0 1 0 1 0 1 0 1 0 1 0 1 0.1073 0 -0.048885 0 -0.24766 0 -0.86883 0 0 1 0 1 0 1 0 1 0 1 0 1 0.00028524 0 -0.10641 0 -0.16421 0 -0.38885 0 0 1 0 1 0 1 0 1 0 1 0 1 -0.043839 0 -0.44264 0 0.087654 0 0 1 0 1 0 1 0 1 0 1 0 1 0 1 0 1 0.078659 0 0 1 0 1 0 1 0 1 0 1 0 1 0 1 0 1 0 1 0 1 0 1 0 1 0 1 0 1 0 1 0 1 0 1 0 1 0 1 0 1 0 1 0 1 0 1 0 1 0 1 0 1 0 1 
0 1 0 1 0 1 0 1 0 1 0 1 -0.92755 0 0 1 0 1 0 1 0 1 0 1 0 1 0 1 0 1 0 1 -0.94003 0 0 1 0 1 0 1 0 1 0 1 0 1 0 1 0 1 0 1 -0.67781 0 0 1 0 1 0 1 0 1 0 1 0 1 0 1 0 1 0 1 -0.76617 0 0 1 0 1 0 1 0 1 0 1 0 1 0 1 0 1 0 1 -0.67855 0 0 1 0 1 0 1 0 1 0 1 0 1 0 1 0 1 0 1 -0.61845 0 0 1 0 1 0 1 0 1 0 1 0 1 0 1 0 1 0 1 -0.43936 0 0 1 0 1 0 1 0 1 0 1 0 1 0 1 0 1 0 1 -0.45062 0 0 1 0 1 0 1 0 1 0 1 0 1 0 1 0 1 0 1 0 1 0 1 0 1 0 1 0 1 0 1 0 1 0 1 0 1 0 1 0 1 0 1 0 1 0 1 
0 1 0 1 0 1 0 1 0 1 0 1 -0.92644 0 0 1 0 1 0 1 0 1 0 1 0 1 0 1 0 1 0 1 -0.88453 0 0 1 0 1 0 1 0 1 0 1 0 1 0 1 0 1 0 1 -0.68589 0 0 1 0 1 0 1 0 1 0 1 0 1 0 1 0 1 0 1 -0.74466 0 0 1 0 1 0 1 0 1 0 1 0 1 0 1 0 1 0 1 -0.70847 0 0 1 0 1 0 1 0 1 0 1 0 1 0 1 0 1 0 1 -0.59362 0 0 1 0 1 0 1 0 1 0 1 0 1 0 1 0 1 0 1 -0.31097 0 0 1 0 1 0 1 0 1 0 1 0 1 0 1 0 1 0 1 0 1 0 1 0 1 0 1 0 1 0 1 0 1 0 1 0 1 0 1 0 1 0 1 0 1 0 1 0 1 0 1 0 1 0 1 0 1 0 1 0 1 0 1 0 1 0 1 
0 1 0 1 0 1 0 1 0 1 0 1 -0.96145 0 0 1 0 1 0 1 0 1 0 1 0 1 0 1 0 1 0 1 -0.86907 0 0 1 0 1 0 1 0 1 0 1 0 1 0 1 0 1 0 1 -0.71638 0 0 1 0 1 0 1 0 1 0 1 0 1 0 1 0 1 0 1 -0.75844 0 0 1 0 1 0 1 0 1 0 1 0 1 0 1 0 1 0 1 -0.73768 0 0 1 0 1 0 1 0 1 0 1 0 1 0 1 0 1 0 1 -0.62906 0 0 1 0 1 0 1 0 1 0 1 0 1 0 1 0 1 0 1 -0.61196 0 0 1 0 1 0 1 0 1 0 1 0 1 0 1 0 1 0 1 -0.0045505 0 0 1 0 1 0 1 0 1 0 1 0 1 0 1 0 1 0 1 0 1 0 1 0 1 0 1 0 1 0 1 0 1 0 1 0 1 0 1 0 1 0 1 0 1 0 1 
0 1 0 1 0 1 0 1 0 1 0 1 -0.95616 0 0 1 0 1 0 1 0 1 0 1 0 1 0 1 0 1 0 1 -0.9179 0 0 1 0 1 0 1 0 1 0 1 0 1 0 1 0 1 0 1 -0.69322 0 0 1 0 1 0 1 0 1 0 1 0 1 0 1 0 1 0 1 -0.73108 0 0 1 0 1 0 1 0 1 0 1 0 1 0 1 0 1 0 1 -0.70322 0 0 1 0 1 0 1 0 1 0 1 0 1 0 1 0 1 0 1 -0.65592 0 0 1 0 1 0 1 0 1 0 1 0 1 0 1 0 1 0 1 -0.61296 0 0 1 0 1 0 1 0 1 0 1 0 1 0 1 0 1 0 1 -0.71965 0 0 1 0 1 0 1 0 1 0 1 0 1 0 1 0 1 0 1 0 1 0 1 0 1 0 1 0 1 0 1 0 1 0 1 0 1 0 1 0 1 0 1 0 1 0 1 
0 1 0 1 0 1 0 1 0 1 0 1 -0.9679 0 0 1 0 1 0 1 0 1 0 1 0 1 0 1 0 1 0 1 -0.95826 0 0 1 0 1 0 1 0 1 0 1 0 1 0 1 0 1 0 1 -0.95867 0 0 1 0 1 0 1 0 1 0 1 0 1 0 1 0 1 0 1 -0.94427 0 0 1 0 1 0 1 0 1 0 1 0 1 0 1 0 1 0 1 -0.28764 0 -0.47022 0 0 1 0 1 0 1 0 1 0 1 0 1 0 1 0 1 -0.91368 0 0 1 0 1 0 1 0 1 0 1 0 1 0 1 0 1 0 1 0 1 0 1 0 1 0 1 0 1 0 1 0 1 0 1 0 1 0 1 0 1 0 1 0 1 0 1 0 1 0 1 0 1 0 1 0 1 0 1 0 1 0 1 0 1 0 1 0 1 0 1 0 1 0 1 0 1 0 1 0 1 0 1 0 1 0 1 
0 1 0 1 0 1 0 1 0 1 0 1 -0.97114 0 0 1 0 1 0 1 0 1 0 1 0 1 0 1 0 1 0 1 -0.96213 0 0 1 0 1 0 1 0 1 0 1 0 1 0 1 0 1 0 1 -0.81844 0 0 1 0 1 0 1 0 1 0 1 0 1 0 1 0 1 0 1 -0.80953 0 0 1 0 1 0 1 0 1 0 1 0 1 0 1 0 1 0 1 -0.80335 0 0 1 0 1 0 1 0 1 0 1 0 1 0 1 0 1 0 1 -0.7086 0 -0.77292 0 0 1 0 1 0 1 0 1 0 1 0 1 0 1 0 1 -0.56202 0 0 1 0 1 0 1 0 1 0 1 0 1 0 1 0 1 0 1 0 1 0 1 0 1 0 1 0 1 0 1 0 1 0 1 0 1 0 1 0 1 0 1 0 1 0 1 0 1 0 1 0 1 0 1 0 1 0 1 0 1 0 1 0 1 0 1 
0 1 0 1 0 1 0 1 0 1 0 1 -0.97223 0 0 1 0 1 0 1 0 1 0 1 0 1 0 1 0 1 0 1 -0.96411 0 0 1 0 1 0 1 0 1 0 1 0 1 0 1 0 1 0 1 -0.79787 0 0 1 0 1 0 1 0 1 0 1 0 1 0 1 0 1 0 1 -0.82047 0 0 1 0 1 0 1 0 1 0 1 0 1 0 1 0 1 0 1 -0.81107 0 0 1 0 1 0 1 0 1 0 1 0 1 0 1 0 1 0 1 -0.7546 0 -0.90843 0 0 1 0 1 0 1 0 1 0 1 0 1 0 1 0 1 -0.65439 0 0 1 0 1 0 1 0 1 0 1 0 1 0 1 0 1 0 1 -0.57778 0 0 1 0 1 0 1 0 1 0 1 0 1 0 1 0 1 0 1 0 1 0 1 0 1 0 1 0 1 0 1 0 1 0 1 0 1 0 1 0 1 0 1 0 1 0 1 
0 1 0 1 0 1 0 1 0 1 0 1 -0.98225 0 -0.48549 0 0 1 0 1 0 1 0 1 0 1 0 1 0 1 0 1 -0.97823 0 -0.95821 0 0 1 0 1 0 1 0 1 0 1 0 1 0 1 0 1 -0.97489 0 -0.96261 0 0 1 0 1 0 1 0 1 0 1 0 1 0 1 0 1 -0.97287 0 -0.96146 0 0 1 0 1 0 1 0 1 0 1 0 1 0 1 0 1 -0.97081 0 -0.95346 0 0 1 0 1 0 1 0 1 0 1 0 1 0 1 0 1 -0.96584 0 0 1 0 1 0 1 0 1 0 1 0 1 0 1 0 1 0 1 -0.94157 0 0 1 0 1 0 1 0 1 0 1 0 1 0 1 0 1 0 1 0 1 0 1 0 1 0 1 0 1 0 1 0 1 0 1 0 1 0 1 0 1 0 1 0 1 0 1 0 1 0 1 0 1 0 1 0 1 0 1 0 1 0 1 0 1 0 1 
0 1 0 1 0 1 0 1 0 1 0 1 -0.84177 0 -0.37813 0 -0.3943 0 0 1 0 1 0 1 0 1 0 1 0 1 0 1 -0.92011 0 -0.49827 0 -0.60833 0 0 1 0 1 0 1 0 1 0 1 0 1 0 1 -0.96478 0 -0.69199 0 -0.65391 0 0 1 0 1 0 1 0 1 0 1 0 1 0 1 -0.9668 0 -0.96819 0 0 1 0 1 0 1 0 1 0 1 0 1 0 1 0 1 -0.96374 0 -0.9488 0 0 1 0 1 0 1 0 1 0 1 0 1 0 1 0 1 -0.95121 0 0 1 0 1 0 1 0 1 0 1 0 1 0 1 0 1 0 1 -0.95461 0 0 1 0 1 0 1 0 1 0 1 0 1 0 1 0 1 0 1 0 1 0 1 0 1 0 1 0 1 0 1 0 1 0 1 0 1 0 1 0 1 0 1 0 1 0 1 0 1 0 1 0 1 0 1 0 1 0 1 0 1 0 1 0 1 0 1 
0 1 0 1 0 1 0 1 0 1 0 1 -0.98413 0 0 1 0 1 0 1 0 1 0 1 0 1 0 1 0 1 0 1 -0.97579 0 0 1 0 1 0 1 0 1 0 1 0 1 0 1 0 1 0 1 -0.97377 0 -1.1131 0 0 1 0 1 0 1 0 1 0 1 0 1 0 1 0 1 -0.96694 0 -0.97164 0 0 1 0 1 0 1 0 1 0 1 0 1 0 1 0 1 -0.86091 0 -0.89541 0 0 1 0 1 0 1 0 1 0 1 0 1 0 1 0 1 -0.94348 0 -0.94377 0 0 1 0 1 0 1 0 1 0 1 0 1 0 1 0 1 -0.92274 0 -0.85019 0 0 1 0 1 0 1 0 1 0 1 0 1 0 1 0 1 -0.44533 0 0 1 0 1 0 1 0 1 0 1 0 1 0 1 0 1 0 1 0 1 0 1 0 1 0 1 0 1 0 1 0 1 0 1 0 1 0 1 0 1 0 1 0 1 0 1 
0 1 0 1 0 1 0 1 0 1 0 1 -0.98309 0 0 1 0 1 0 1 0 1 0 1 0 1 0 1 0 1 0 1 -0.97405 0 0 1 0 1 0 1 0 1 0 1 0 1 0 1 0 1 0 1 -0.97493 0 0 1 0 1 0 1 0 1 0 1 0 1 0 1 0 1 0 1 -0.9705 0 0 1 0 1 0 1 0 1 0 1 0 1 0 1 0 1 0 1 -0.96035 0 -1.0625 0 0 1 0 1 0 1 0 1 0 1 0 1 0 1 0 1 -0.95598 0 -0.98286 0 0 1 0 1 0 1 0 1 0 1 0 1 0 1 0 1 -0.98466 0 -0.97465 0 0 1 0 1 0 1 0 1 0 1 0 1 0 1 0 1 -1.0299 0 -0.92034 0 0 1 0 1 0 1 0 1 0 1 0 1 0 1 0 1 0 1 0 1 0 1 0 1 0 1 0 1 0 1 0 1 0 1 0 1 0 1 0 1 0 1 0 1 
0 1 0 1 0 1 0 1 0 1 0 1 -0.98761 0 0 1 0 1 0 1 0 1 0 1 0 1 0 1 0 1 0 1 -0.84349 0 0.13842 0 -0.558 0 0 1 0 1 0 1 0 1 0 1 0 1 0 1 -0.93524 0 -0.32161 0 0 1 0 1 0 1 0 1 0 1 0 1 0 1 0 1 -0.91597 0 -0.16553 0 0 1 0 1 0 1 0 1 0 1 0 1 0 1 0 1 -0.95258 0 -1.0723 0 0 1 0 1 0 1 0 1 0 1 0 1 0 1 0 1 -0.93957 0 -0.98251 0 0 1 0 1 0 1 0 1 0 1 0 1 0 1 0 1 -0.96626 0 -0.97285 0 0 1 0 1 0 1 0 1 0 1 0 1 0 1 0 1 -1.0092 0 -0.96064 0 0 1 0 1 0 1 0 1 0 1 0 1 0 1 0 1 0 1 0 1 0 1 0 1 0 1 0 1 0 1 0 1 0 1 0 1 0 1 0 1 0 1 0 1 
0 1 0 1 0 1 0 1 0 1 0 1 -0.96731 0 0 1 0 1 0 1 0 1 0 1 0 1 0 1 0 1 0 1 -0.94857 0 0 1 0 1 0 1 0 1 0 1 0 1 0 1 0 1 0 1 -0.77321 0 0 1 0 1 0 1 0 1 0 1 0 1 0 1 0 1 0 1 -0.72947 0 0 1 0 1 0 1 0 1 0 1 0 1 0 1 0 1 0 1 -0.7664 0 0 1 0 1 0 1 0 1 0 1 0 1 0 1 0 1 0 1 -0.74074 0 0 1 0 1 0 1 0 1 0 1 0 1 0 1 0 1 0 1 -0.60009 0 0 1 0 1 0 1 0 1 0 1 0 1 0 1 0 1 0 1 0 1 0 1 0 1 0 1 0 1 0 1 0 1 0 1 0 1 0 1 0 1 0 1 0 1 0 1 0 1 0 1 0 1 0 1 0 1 0 1 0 1 0 1 0 1 0 1 
0 1 0 1 0 1 0 1 0 1 0 1 -0.95895 0 0 1 0 1 0 1 0 1 0 1 0 1 0 1 0 1 0 1 -0.96263 0 0 1 0 1 0 1 0 1 0 1 0 1 0 1 0 1 0 1 -0.80002 0 0 1 0 1 0 1 0 1 0 1 0 1 0 1 0 1 0 1 -0.8071 0 0 1 0 1 0 1 0 1 0 1 0 1 0 1 0 1 0 1 -0.80204 0 0 1 0 1 0 1 0 1 0 1 0 1 0 1 0 1 0 1 -0.75695 0 0 1 0 1 0 1 0 1 0 1 0 1 0 1 0 1 0 1 -0.76736 0 0 1 0 1 0 1 0 1 0 1 0 1 0 1 0 1 0 1 -0.80407 0 0 1 0 1 0 1 0 1 0 1 0 1 0 1 0 1 0 1 0 1 0 1 0 1 0 1 0 1 0 1 0 1 0 1 0 1 0 1 0 1 0 1 0 1 0 1 
0 1 0 1 0 1 0 1 0 1 0 1 -0.94184 0 0.17955 0 0 1 0 1 0 1 0 1 0 1 0 1 0 1 0 1 -0.85458 0 0.21271 0 0 1 0 1 0 1 0 1 0 1 0 1 0 1 0 1 -0.61366 0 0.076304 0 0 1 0 1 0 1 0 1 0 1 0 1 0 1 0 1 -0.60765 0 -0.24797 0 0 1 0 1 0 1 0 1 0 1 0 1 0 1 0 1 -0.72428 0 0.033758 0 0 1 0 1 0 1 0 1 0 1 0 1 0 1 0 1 -0.7372 0 0 1 0 1 0 1 0 1 0 1 0 1 0 1 0 1 0 1 -0.73709 0 0 1 0 1 0 1 0 1 0 1 0 1 0 1 0 1 0 1 -1.0846 0 0 1 0 1 0 1 0 1 0 1 0 1 0 1 0 1 0 1 0 1 0 1 0 1 0 1 0 1 0 1 0 1 0 1 0 1 0 1 0 1 0 1 0 1 0 1 
0 1 0 1 0 1 0 1 0 1 0 1 -0.97312 0 0 1 0 1 0 1 0 1 0 1 0 1 0 1 0 1 0 1 -0.96837 0 0 1 0 1 0 1 0 1 0 1 0 1 0 1 0 1 0 1 -0.96707 0 0 1 0 1 0 1 0 1 0 1 0 1 0 1 0 1 0 1 -0.96283 0 0 1 0 1 0 1 0 1 0 1 0 1 0 1 0 1 0 1 -0.95018 0 -0.97411 0 0 1 0 1 0 1 0 1 0 1 0 1 0 1 0 1 -0.82258 0 -0.89975 0 0 1 0 1 0 1 0 1 0 1 0 1 0 1 0 1 -0.43587 0 -0.37647 0 0 1 0 1 0 1 0 1 0 1 0 1 0 1 0 1 -1.1586 0 0 1 0 1 0 1 0 1 0 1 0 1 0 1 0 1 0 1 0 1 0 1 0 1 0 1 0 1 0 1 0 1 0 1 0 1 0 1 0 1 0 1 0 1 0 1 
0 1 0 1 0 1 0 1 0 1 0 1 -0.91981 0 -0.20037 0 0 1 0 1 0 1 0 1 0 1 0 1 0 1 0 1 -0.83284 0 0.018055 0 0 1 0 1 0 1 0 1 0 1 0 1 0 1 0 1 -0.83025 0 0.035816 0 0 1 0 1 0 1 0 1 0 1 0 1 0 1 0 1 -0.95227 0 -0.4276 0 0 1 0 1 0 1 0 1 0 1 0 1 0 1 0 1 -0.95286 0 -0.72575 0 0 1 0 1 0 1 0 1 0 1 0 1 0 1 0 1 -0.93323 0 -0.96711 0 0 1 0 1 0 1 0 1 0 1 0 1 0 1 0 1 -0.045591 0 -0.64005 0 0 1 0 1 0 1 0 1 0 1 0 1 0 1 0 1 0 1 0 1 0 1 0 1 0 1 0 1 0 1 0 1 0 1 0 1 0 1 0 1 0 1 0 1 0 1 0 1 0 1 0 1 0 1 0 1 0 1 0 1 0 1 0 1 
0 1 0 1 0 1 0 1 0 1 0 1 -0.97239 0 0 1 0 1 0 1 0 1 0 1 0 1 0 1 0 1 0 1 -0.96778 0 0 1 0 1 0 1 0 1 0 1 0 1 0 1 0 1 0 1 -0.95981 0 0 1 0 1 0 1 0 1 0 1 0 1 0 1 0 1 0 1 -0.85931 0 0 1 0 1 0 1 0 1 0 1 0 1 0 1 0 1 0 1 -0.88647 0 -0.91321 0 0 1 0 1 0 1 0 1 0 1 0 1 0 1 0 1 -0.75537 0 -0.85658 0 0 1 0 1 0 1 0 1 0 1 0 1 0 1 0 1 -0.5658 0 -0.74901 0 0 1 0 1 0 1 0 1 0 1 0 1 0 1 0 1 -0.75651 0 0 1 0 1 0 1 0 1 0 1 0 1 0 1 0 1 0 1 0 1 0 1 0 1 0 1 0 1 0 1 0 1 0 1 0 1 0 1 0 1 0 1 0 1 0 1 
0 1 0 1 0 1 0 1 0 1 0 1 0.24411 0 0.098428 0 0 1 0 1 0 1 0 1 0 1 0 1 0 1 0 1 0.09256 0 0.080912 0 0 1 0 1 0 1 0 1 0 1 0 1 0 1 0 1 0.074754 0 0.056388 0 0 1 0 1 0 1 0 1 0 1 0 1 0 1 0.030181 0 -0.0059653 0 0 1 0 1 0 1 0 1 0 1 0 1 0 1 0 1 0 1 0.026801 0 0 1 0 1 0 1 0 1 0 1 0 1 0 1 0 1 0 1 0.08558 0 0 1 0 1 0 1 0 1 0 1 0 1 0 1 0 1 0 1 0.05935 0 0 1 0 1 0 1 0 1 0 1 0 1 0 1 0 1 0 1 -0.18137 0 0 1 0 1 0 1 0 1 0 1 0 1 0 1 0 1 0 1 0 1 0 1 0 1 0 1 0 1 0 1 0 1 0 1 0 1 0 1 0 1 0 1 0 1 0 1 
0 1 0 1 0 1 0 1 0 1 0 1 0.26023 0 0 1 0 1 0 1 0 1 0 1 0 1 0 1 0 1 0 1 -0.055608 0 0 1 0 1 0 1 0 1 0 1 0 1 0 1 0 1 0.029278 0 -0.050421 0 0 1 0 1 0 1 0 1 0 1 0 1 0 1 0 1 0 1 -0.057434 0 0 1 0 1 0 1 0 1 0 1 0 1 0 1 0 1 -0.4231 0 -0.25433 0 0 1 0 1 0 1 0 1 0 1 0 1 0 1 0 1 0 1 0.0043521 0 0 1 0 1 0 1 0 1 0 1 0 1 0 1 0 1 -0.3874 0 -0.14571 0 0 1 0 1 0 1 0 1 0 1 0 1 0 1 0 1 0 1 0 1 0 1 0 1 0 1 0 1 0 1 0 1 0 1 0 1 0 1 0 1 0 1 0 1 0 1 0 1 0 1 0 1 0 1 0 1 0 1 0 1 0 1 0 1 0 1 
0 1 0 1 0 1 0 1 0 1 0 1 -0.26604 0 0 1 0 1 0 1 0 1 0 1 0 1 0 1 0 1 0 1 -0.034353 0 0 1 0 1 0 1 0 1 0 1 0 1 0 1 0 1 0 1 -0.12274 0 0 1 0 1 0 1 0 1 0 1 0 1 0 1 0 1 -0.47597 0 -0.078394 0 0 1 0 1 0 1 0 1 0 1 0 1 0 1 0 1 -0.18244 0 -0.037177 0 0 1 0 1 0 1 0 1 0 1 0 1 0 1 0 1 0 1 -0.19102 0 0 1 0 1 0 1 0 1 0 1 0 1 0 1 0 1 -0.82029 0 0.054875 0 0 1 0 1 0 1 0 1 0 1 0 1 0 1 0 1 -0.51184 0 0 1 0 1 0 1 0 1 0 1 0 1 0 1 0 1 0 1 0 1 0 1 0 1 0 1 0 1 0 1 0 1 0 1 0 1 0 1 0 1 0 1 0 1 0 1 0 1 
0 1 0 1 0 1 0 1 0 1 0 1 -0.83749 0 0 1 0 1 0 1 0 1 0 1 0 1 0 1 0 1 0 1 -0.50721 0 0 1 0 1 0 1 0 1 0 1 0 1 0 1 0 1 0 1 -0.25485 0 0 1 0 1 0 1 0 1 0 1 0 1 0 1 0 1 0 1 -0.18624 0 0 1 0 1 0 1 0 1 0 1 0 1 0 1 0 1 0 1 0 1 0 1 0 1 0 1 0 1 0 1 0 1 0 1 0 1 0 1 0 1 0 1 0 1 0 1 0 1 0 1 0 1 0 1 0 1 0 1 0 1 0 1 0 1 0 1 0 1 0 1 0 1 0 1 0 1 0 1 0 1 0 1 0 1 0 1 0 1 0 1 0 1 0 1 0 1 0 1 0 1 0 1 0 1 0 1 0 1 0 1 0 1 0 1 0 1 0 1 0 1 0 1 0 1 0 1 
0 1 0 1 0 1 0 1 0 1 0 1 -0.33737 0 -0.07734 0 0 1 0 1 0 1 0 1 0 1 0 1 0 1 0 1 -0.63496 0 -0.076163 0 0 1 0 1 0 1 0 1 0 1 0 1 0 1 0 1 -0.42781 0 0 1 0 1 0 1 0 1 0 1 0 1 0 1 0 1 0 1 -0.20805 0 0 1 0 1 0 1 0 1 0 1 0 1 0 1 0 1 0 1 -0.87308 0 0 1 0 1 0 1 0 1 0 1 0 1 0 1 0 1 0 1 0 1 0 1 0 1 0 1 0 1 0 1 0 1 0 1 0 1 0 1 0 1 0 1 0 1 0 1 0 1 0 1 0 1 0 1 0 1 0 1 0 1 0 1 0 1 0 1 0 1 0 1 0 1 0 1 0 1 0 1 0 1 0 1 0 1 0 1 0 1 0 1 0 1 0 1 0 1 0 1 0 1 0 1 0 1 0 1 
0 1 0 1 0 1 0 1 0 1 0 1 0 1 0 1 0 1 0 1 0 1 0 1 0 1 0 1 0 1 0 1 -0.5676 0 0 1 0 1 0 1 0 1 0 1 0 1 0 1 0 1 0 1 -0.57502 0 0 1 0 1 0 1 0 1 0 1 0 1 0 1 0 1 0 1 -0.37454 0 0 1 0 1 0 1 0 1 0 1 0 1 0 1 0 1 0 1 -0.13965 0 0 1 0 1 0 1 0 1 0 1 0 1 0 1 0 1 0 1 -0.033314 0 0 1 0 1 0 1 0 1 0 1 0 1 0 1 0 1 0 1 0.080056 0 0 1 0 1 0 1 0 1 0 1 0 1 0 1 0 1 0 1 0 1 0 1 0 1 0 1 0 1 0 1 0 1 0 1 0 1 0 1 0 1 0 1 0 1 0 1 0 1 0 1 0 1 0 1 0 1 0 1 0 1 0 1 0 1 0 1 
0 1 0 1 0 1 0 1 0 1 0 1 -0.82138 0 0 1 0 1 0 1 0 1 0 1 0 1 0 1 0 1 0 1 -0.65607 0 0 1 0 1 0 1 0 1 0 1 0 1 0 1 0 1 0 1 -0.24536 0 0.099114 0 0 1 0 1 0 1 0 1 0 1 0 1 0 1 0 1 -0.044576 0 0.20762 0 0 1 0 1 0 1 0 1 0 1 0 1 0 1 0 1 -0.20416 0 -0.73982 0 0 1 0 1 0 1 0 1 0 1 0 1 0 1 0 1 -0.3809 0 0 1 0 1 0 1 0 1 0 1 0 1 0 1 0 1 0 1 -0.16177 0 0 1 0 1 0 1 0 1 0 1 0 1 0 1 0 1 0 1 -0.086297 0 0 1 0 1 0 1 0 1 0 1 0 1 0 1 0 1 0 1 0 1 0 1 0 1 0 1 0 1 0 1 0 1 0 1 0 1 0 1 0 1 0 1 0 1 0 1 
0 1 0 1 0 1 -0.8748 0 -0.096793 0 0 1 0 1 0 1 0 1 0 1 0 1 0 1 0 1 -0.78428 0 -0.74517 0 0 1 0 1 0 1 0 1 0 1 0 1 0 1 0 1 -0.58869 0 -0.241 0 0.22632 0 0.26794 0 0 1 0 1 0 1 0 1 -0.20073 0 0.13221 0 -0.52497 0 -0.39512 0 0.22261 0 0.27731 0 0.33045 0 0 1 0 1 0 1 -0.16452 0 0.10691 0 -0.46598 0 -0.19896 0 0.21763 0 0.33371 0 0.32202 0 0 1 0 1 0 1 -0.12953 0 0.081175 0 -0.50462 0 -0.17729 0 0.23767 0 0.34085 0 0.3495 0 0 1 0 1 0 1 -0.11385 0 0.11448 0 -0.54861 0 -0.28017 0 0.23428 0 0.35537 0 0.48065 0 0 1 0 1 0 1 -0.11198 0 0.11716 0 -0.41844 0 -0.20967 0 0.16755 0 0.31342 0 0.48406 0 0 1 0 1 0 1 -0.1882 0 0.11613 0 -0.31758 0 0.034786 0 0.14164 0 0.20022 0 0.35839 0 0 1 0 1 0 1 -0.075516 0 -0.022276 0 -0.21045 0 0.12987 0 0.10185 0 -0.089349 0 -0.36051 0 0 1 0 1 
0 1 0 1 0 1 -0.83129 0 0.052357 0 0 1 0 1 0 1 0 1 0 1 0 1 0 1 0 1 -0.86365 0 -0.73472 0 0 1 0 1 0 1 0 1 0 1 0 1 0 1 0.013826 0 -0.5911 0 -0.16176 0 0.26441 0 0.10099 0 0 1 0 1 0 1 0 1 0.014031 0 0.076424 0 -0.32338 0 -0.049289 0 0.24357 0 0.27312 0 0.36376 0 0 1 0 1 0 1 -0.051727 0 0.080275 0 -0.48612 0 -0.20722 0 0.28158 0 0.31076 0 0.41025 0 0 1 0 1 0 1 -0.030005 0 0.065179 0 -0.52942 0 -0.36268 0 0.20187 0 0.35696 0 0.41244 0 0 1 0 1 0 1 -0.00065183 0 0.077514 0 -0.58667 0 -0.40914 0 0.26483 0 0.38618 0 -0.070824 0 0 1 0 1 0 1 0.070389 0 0.074216 0 -0.52281 0 -0.4517 0 0.25931 0 0.38099 0 -0.11508 0 0 1 0 1 0 1 0.017279 0 0.056827 0 -0.55143 0 -0.53456 0 0.24875 0 0.31152 0 -0.080307 0 0 1 0 1 0 1 0.011903 0 0.07219 0 -0.08907 0 -0.058982 0 0.16975 0 0.0040349 0 0.024532 0 0 1 0 1 
0 1 -0.13163 0 -0.14515 0 -0.16468 0 -0.14564 0 -0.14244 0 0 1 0 1 0 1 0 1 0 1 -0.10836 0 -0.14744 0 -0.16539 0 -0.14089 0 -0.15505 0 -0.14379 0 -0.091744 0 -0.10417 0 0 1 0 1 -0.12666 0 -0.14968 0 -0.16465 0 -0.16332 0 -0.14131 0 -0.14048 0 -0.26907 0 0.03419 0 0 1 0 1 -0.092121 0 -0.14029 0 -0.17282 0 -0.16728 0 -0.14825 0 -0.13117 0 -0.21028 0 -0.29739 0 0 1 0 1 -0.062038 0 -0.14752 0 -0.15874 0 -0.16978 0 -0.14287 0 -0.14237 0 -0.090928 0 -0.38165 0 0 1 0 1 -0.12225 0 -0.13916 0 -0.16147 0 -0.16368 0 -0.16053 0 -0.1464 0 -0.11524 0 -0.4742 0 0 1 0 1 -0.16094 0 -0.14901 0 -0.16782 0 -0.15338 0 -0.16786 0 -0.20256 0 -0.080897 0 -0.5163 0 0 1 0 1 0 1 -0.12284 0 -0.18309 0 -0.14641 0 -0.14885 0 -0.1362 0 -0.24643 0 -0.75914 0 0 1 0 1 0 1 0 1 0 1 -0.14564 0 -0.15325 0 -0.1494 0 -0.32808 0 0 1 0 1 0 1 0 1 0 1 0 1 -0.19067 0 -0.17709 0 -0.16768 0 -0.27276 0 -1.0372 0 0 1 
0 1 -0.21516 0 -0.15967 0 -0.16513 0 -0.15901 0 -0.14878 0 -0.14353 0 -0.12011 0 -0.068664 0 0 1 0 1 -0.20476 0 -0.15979 0 -0.16084 0 -0.14995 0 -0.14629 0 -0.13961 0 -0.1239 0 -0.11119 0 0 1 0 1 -0.16859 0 -0.15852 0 -0.15838 0 -0.14852 0 -0.14014 0 -0.14385 0 -0.084542 0 -0.26294 0 0 1 0 1 -0.15528 0 -0.16177 0 -0.15487 0 -0.14571 0 -0.14166 0 -0.14336 0 -0.19919 0 -0.47756 0 0 1 0 1 -0.084641 0 -0.14984 0 -0.154 0 -0.15372 0 -0.15195 0 -0.14483 0 -0.19919 0 -0.50878 0 0 1 0 1 -0.18114 0 -0.1522 0 -0.15113 0 -0.1464 0 -0.13634 0 -0.11974 0 -0.60179 0 0 1 0 1 0 1 -0.16397 0 -0.13654 0 -0.13507 0 -0.1612 0 0 1 0 1 0 1 0 1 0 1 0 1 0 1 0 1 0 1 0 1 0 1 0 1 0 1 0 1 0 1 0 1 0 1 0 1 0 1 0 1 0 1 0 1 0 1 0 1 0 1 0 1 0 1 0 1 0 1 0 1 0 1 0 1 0 1 0 1 0 1 
0 1 -0.16243 0 -0.1606 0 -0.1477 0 -0.16145 0 0 1 0 1 0 1 0 1 0 1 0 1 -0.19306 0 -0.16033 0 -0.15163 0 -0.14491 0 -0.14255 0 -0.14206 0 -0.1204 0 -0.088064 0 0 1 0 1 -0.099435 0 -0.15185 0 -0.14979 0 -0.14415 0 -0.14716 0 -0.14161 0 -0.09424 0 -0.070549 0 0 1 0 1 -0.1524 0 -0.1591 0 -0.15111 0 -0.1534 0 -0.14931 0 -0.14312 0 -0.14046 0 -0.31769 0 0 1 0 1 -0.1493 0 -0.15627 0 -0.15299 0 -0.1608 0 -0.15771 0 -0.14575 0 -0.05574 0 -0.41911 0 0 1 0 1 -0.15915 0 -0.1579 0 -0.16457 0 -0.15665 0 -0.17675 0 -0.13411 0 -0.071414 0 -0.60898 0 0 1 0 1 -0.1582 0 -0.15651 0 -0.15309 0 -0.17441 0 -0.15787 0 -0.13413 0 -0.27409 0 0 1 0 1 0 1 -0.16914 0 -0.14867 0 -0.15944 0 -0.16303 0 -0.15747 0 -0.13825 0 -0.31815 0 0 1 0 1 0 1 -0.14379 0 -0.15054 0 -0.14836 0 -0.1566 0 -0.16844 0 -0.18832 0 -0.2365 0 -0.70447 0 0 1 0 1 -0.074866 0 -0.14918 0 -0.14954 0 -0.16023 0 -0.1529 0 -0.18555 0 -0.036631 0 -0.67295 0 0 1 
0 1 0 1 0 1 -0.80669 0 -0.84816 0 0 1 0 1 0 1 0 1 0 1 0 1 0 1 0 1 -0.72072 0 -0.8503 0 0 1 0 1 0 1 0 1 0 1 0 1 -0.052821 0 0.1531 0 -0.5719 0 -0.75094 0 0 1 0 1 0 1 0 1 0 1 0 1 -0.12886 0 0.11707 0 -0.46413 0 -0.23145 0 0.2203 0 0.2958 0 0 1 0 1 0 1 0 1 -0.041971 0 0.062958 0 -0.50537 0 -0.17443 0 0.26169 0 0.30916 0 0.37234 0 0 1 0 1 0 1 -0.12899 0 0.090342 0 -0.49449 0 -0.35742 0 0.27108 0 0.27255 0 0.39182 0 0 1 0 1 0 1 -0.073917 0 0.07301 0 -0.50533 0 -0.40709 0 0.22731 0 0.32652 0 0.30274 0 -0.65733 0 0 1 0 1 -0.063456 0 0.063882 0 -0.41082 0 -0.37848 0 0.23497 0 0.33969 0 -0.033031 0 0 1 0 1 0 1 -0.21218 0 0.095508 0 0.0099519 0 -0.26882 0 0.11265 0 0.37736 0 -0.7111 0 0 1 0 1 0 1 -0.10599 0 0.20552 0 -0.0055231 0 -0.54052 0 0.090497 0 0.042568 0 0 1 0 1 0 1 
0 1 0 1 0 1 -0.77626 0 0 1 0 1 0 1 0 1 0 1 0 1 0 1 0 1 0 1 -0.6016 0 0.052507 0 -0.27196 0 0 1 0 1 0 1 0 1 0 1 0 1 -0.47853 0 -0.38689 0 0.14457 0 0.047837 0 0.0098751 0 0 1 0 1 0 1 0 1 -0.039999 0 -0.10101 0 -0.42204 0 0.19376 0 0.12564 0 -0.0037165 0 0 1 0 1 0 1 0 1 -0.010363 0 -0.069426 0 -0.25589 0 0.22712 0 0.20816 0 0.18785 0 0 1 0 1 0 1 0 1 0.0021719 0 -0.10721 0 -0.36425 0 0.14014 0 0.12057 0 0.25681 0 0 1 0 1 0 1 0 1 0.023904 0 -0.10389 0 -0.30458 0 0.24115 0 0.2004 0 0.13217 0 0 1 0 1 0 1 0 1 -0.052063 0 -0.021754 0 -0.28747 0 0.15672 0 0.17826 0 0.25362 0 0 1 0 1 0 1 0 1 0.01788 0 -0.060816 0 -0.28422 0 0.14883 0 0.25458 0 0.18705 0 0 1 0 1 0 1 0 1 0.012203 0 -0.074539 0 0.0341 0 0.25525 0 0.15277 0 -0.1636 0 0 1 0 1 0 1 
0 1 0 1 0 1 0 1 0 1 0 1 0 1 0 1 0 1 0 1 0 1 0 1 0 1 0 1 0 1 0 1 0 1 0 1 0 1 0 1 0 1 0 1 0 1 -1.0086 0 0 1 0 1 -0.38896 0 -0.44975 0 0 1 0 1 0 1 0 1 0 1 -0.75672 0 0 1 0 1 -0.21912 0 -0.34782 0 0 1 0 1 0 1 -0.15975 0 -0.012638 0 -0.21734 0 -0.0252 0 -0.15188 0 -0.40989 0 -0.30504 0 0 1 0 1 0 1 -0.082955 0 0.0062845 0 0.011621 0 -0.045917 0 -0.21197 0 0.034588 0 -0.24356 0 0 1 0 1 0 1 0 1 0 1 0 1 0 1 -0.041795 0 -0.132 0 0.0016801 0 0 1 0 1 0 1 0 1 0 1 0 1 0 1 0 1 0 1 0 1 0 1 0 1 0 1 0 1 0 1 0 1 0 1 0 1 0 1 0 1 0 1 0 1 0 1 0 1 0 1 0 1 0 1 0 1 0 1 0 1 0 1 0 1 
0 1 0 1 0 1 0 1 0 1 0 1 0 1 0 1 0 1 0 1 0 1 -0.21575 0 -0.3372 0 -0.1288 0 0 1 0 1 0 1 0 1 0 1 0 1 0 1 -0.17268 0 -0.15073 0 -0.18358 0 -0.14751 0 -0.10306 0 0 1 0 1 0 1 0 1 0 1 -0.069068 0 -0.17967 0 -0.13082 0 -0.13652 0 -0.17177 0 -0.13013 0 -0.11221 0 0 1 0 1 0 1 -0.16394 0 -0.16289 0 -0.16721 0 -0.14548 0 -0.16651 0 -0.086963 0 0.11859 0 0 1 0 1 0 1 -0.17747 0 -0.18477 0 -0.16942 0 -0.16641 0 -0.14393 0 -0.094199 0 -0.099788 0 0 1 0 1 0 1 -0.085438 0 -0.1586 0 -0.18213 0 -0.16185 0 -0.16304 0 -0.13215 0 0.2412 0 0 1 0 1 0 1 -0.097791 0 -0.1506 0 -0.17873 0 -0.13817 0 -0.17798 0 -0.15552 0 0.23828 0 0 1 0 1 0 1 -0.041393 0 -0.0094991 0 -0.068637 0 -0.097764 0 -0.17754 0 -0.24088 0 -0.11845 0 0 1 0 1 -0.23411 0 0.00081621 0 0.067843 0 -0.023141 0 -0.064069 0 -0.36629 0 -0.24678 0 -0.059156 0 0 1 0 1 
0 1 -0.20186 0 -0.15328 0 -0.16128 0 -0.17258 0 -0.12976 0 -0.13365 0 -0.12624 0 0 1 0 1 0 1 -0.19763 0 -0.12954 0 -0.18125 0 -0.15701 0 -0.13993 0 -0.13231 0 -0.21525 0 0 1 0 1 0 1 -0.11091 0 -0.14603 0 -0.14712 0 -0.1526 0 -0.14224 0 -0.13673 0 -0.21244 0 0 1 0 1 0 1 -0.18733 0 -0.13775 0 -0.13488 0 -0.15388 0 -0.15039 0 -0.10494 0 -0.13654 0 0 1 0 1 0 1 -0.18244 0 -0.13662 0 -0.12247 0 -0.17474 0 -0.17252 0 -0.12911 0 0.011537 0 0 1 0 1 0 1 -0.14457 0 -0.15219 0 -0.12609 0 -0.16509 0 -0.17589 0 -0.11672 0 0.063267 0 0 1 0 1 0 1 -0.064287 0 -0.13224 0 -0.12787 0 -0.16855 0 -0.15585 0 -0.11491 0 0.2672 0 0 1 0 1 0 1 -0.091986 0 -0.13253 0 -0.1916 0 -0.19012 0 -0.17668 0 -0.11519 0 0.16543 0 0 1 0 1 -0.36356 0 -0.19173 0 -0.1349 0 -0.15886 0 -0.16987 0 -0.15049 0 -0.13021 0 0.097499 0 0 1 0 1 0 1 -0.1427 0 -0.086527 0 -0.13713 0 -0.13693 0 -0.1832 0 -0.18333 0 0.031803 0 0 1 0 1 
0 1 -0.12396 0 -0.14015 0 -0.24509 0 0 1 0 1 0 1 0 1 0 1 0 1 0 1 -0.13891 0 -0.1541 0 -0.14253 0 -0.17375 0 -0.11713 0 -0.23563 0 -0.2707 0 0 1 0 1 0 1 -0.1378 0 -0.13303 0 -0.13827 0 -0.17872 0 -0.14798 0 -0.16238 0 -0.094177 0 0 1 0 1 0 1 -0.089444 0 -0.11637 0 -0.1523 0 -0.17127 0 -0.15203 0 -0.12017 0 0.21879 0 0 1 0 1 0 1 -0.18106 0 -0.14232 0 -0.11212 0 -0.14889 0 -0.13778 0 -0.098164 0 0.24724 0 0 1 0 1 0 1 -0.13322 0 -0.1514 0 -0.14625 0 -0.14732 0 -0.1409 0 -0.12072 0 0.33774 0 0 1 0 1 0 1 -0.1431 0 -0.14453 0 -0.1623 0 -0.17506 0 -0.16941 0 -0.16342 0 0.23879 0 0 1 0 1 0 1 -0.11808 0 -0.17756 0 -0.15269 0 -0.22168 0 -0.14903 0 -0.13019 0 0.2379 0 0 1 0 1 0 1 -0.092408 0 -0.13514 0 -0.13423 0 -0.19972 0 -0.16083 0 -0.17152 0 0.24799 0 0 1 0 1 0 1 -0.011942 0 -0.023565 0 -0.07945 0 -0.083121 0 -0.13359 0 -0.24163 0 -0.20483 0 0 1 0 1 
0 1 0 1 0 1 0 1 0 1 0 1 0 1 0 1 0 1 0 1 0 1 0 1 0 1 0 1 0 1 0 1 0 1 0 1 0 1 0 1 0 1 0 1 0 1 0 1 0 1 -0.0066404 0 -0.11843 0 0 1 0 1 0 1 0 1 0 1 0 1 -0.64071 0 0 1 0.33673 0 -0.20267 0 0 1 0 1 0 1 0 1 0 1 0 1 -0.73288 0 0 1 -0.25895 0 -0.054373 0 0 1 0 1 0 1 0 1 0 1 0 1 -0.63453 0 0 1 0.3046 0 -0.12812 0 0 1 0 1 0 1 0 1 0 1 0 1 -0.82917 0 0 1 0.32311 0 -0.75284 0 -0.76403 0 0 1 0 1 0 1 -0.75647 0 0 1 -0.10574 0 0 1 0.27772 0 0 1 0 1 0 1 0 1 0 1 -0.12884 0 -0.0037419 0 -0.024317 0 -0.077888 0 -0.22327 0 -0.35608 0 -0.35504 0 0 1 0 1 0 1 -0.011344 0 -0.01256 0 0.13395 0 -0.016501 0 -0.31147 0 0.0019913 0 0.48276 0 0 1 0 1 
0 1 0 1 0 1 -0.71587 0 -0.15225 0 0 1 0 1 0 1 0 1 0 1 0 1 0 1 0 1 -0.63237 0 0.064469 0 0.053034 0 0 1 0 1 0 1 0 1 0 1 0 1 0.43328 0 -0.37735 0 0.069586 0 0.077206 0 0.2299 0 0 1 0 1 0 1 0 1 -0.023513 0 -0.046894 0 -0.27842 0 0.1583 0 0.18714 0 0.095357 0 0 1 0 1 0 1 0 1 -0.005695 0 -0.052556 0 -0.27213 0 0.1345 0 0.18744 0 0.11079 0 0 1 0 1 0 1 0 1 0.00035668 0 -0.081753 0 -0.28882 0 0.22703 0 0.23792 0 0.098795 0 0 1 0 1 0 1 0 1 0.0060148 0 -0.043274 0 -0.33364 0 0.14286 0 0.25431 0 0.29684 0 0 1 0 1 0 1 0 1 -0.026314 0 -0.012586 0 -0.26084 0 0.14661 0 0.20594 0 0.24749 0 0 1 0 1 0 1 0 1 0.15732 0 -0.042456 0 -0.11181 0 0.29382 0 0.14476 0 0.20872 0 0 1 0 1 0 1 0 1 -0.035913 0 0.046972 0 0.1226 0 0.18395 0 0.11874 0 -0.48874 0 -0.64674 0 0 1 0 1 
0 1 0 1 0 1 -0.51933 0 -0.50223 0 0.19572 0 0 1 0 1 0 1 0 1 0 1 0 1 0 1 -0.38936 0 -0.60469 0 0.21207 0 0.26793 0 0.32669 0 0 1 0 1 0 1 0 1 0 1 -0.70924 0 -0.66424 0 0.2189 0 0.28118 0 0.34953 0 0.44892 0 0 1 0 1 0 1 0 1 -0.64068 0 -0.68539 0 0.21972 0 0.30221 0 0.36472 0 -0.17936 0 0 1 0 1 0 1 0 1 -0.33856 0 -0.66832 0 0.23153 0 0.3191 0 0.12015 0 -0.63388 0 0 1 0 1 0 1 0 1 -0.4296 0 -0.6406 0 0.23048 0 0.32898 0 -0.16868 0 -0.59395 0 0 1 0 1 0 1 0 1 -0.70762 0 -0.05207 0 0.22772 0 0.34551 0 -0.31351 0 0 1 0 1 0 1 0 1 0 1 0 1 0 1 0 1 0 1 -0.76655 0 0 1 0 1 0 1 0 1 0 1 0 1 0 1 0 1 0 1 0 1 0 1 0 1 0 1 0 1 0 1 0 1 0 1 0 1 0 1 0 1 0 1 0 1 
0 1 0 1 0 1 -0.59744 0 -0.003777 0 0 1 0 1 0 1 0 1 0 1 0 1 0 1 0 1 -0.76146 0 -0.89591 0 0 1 0 1 0 1 0 1 0 1 0 1 -0.20556 0 0 1 -0.66551 0 -0.3587 0 0.22572 0 0.059245 0 0 1 0 1 0 1 0 1 -0.030893 0 0.19081 0 -0.41363 0 -0.42698 0 0.24435 0 0.31185 0 0.41269 0 0 1 0 1 0 1 -0.026627 0 0.17474 0 -0.52205 0 -0.37274 0 0.26368 0 0.35192 0 0.40481 0 0 1 0 1 0 1 -0.077888 0 0.13684 0 -0.58241 0 -0.26936 0 0.26497 0 0.32968 0 0.3342 0 0.48256 0 0 1 0 1 0.078155 0 0.12136 0 -0.31795 0 -0.23877 0 0.18483 0 0.33268 0 0.42399 0 -0.1295 0 0 1 0 1 -0.12707 0 0.074096 0 -0.032292 0 -0.39219 0 0.11854 0 0.23712 0 0.013418 0 -0.71619 0 0 1 0 1 0 1 0.044128 0 -0.18447 0 -0.84674 0 0.022908 0 -0.42602 0 0 1 0 1 0 1 0 1 0 1 0 1 0 1 -0.71199 0 -0.22435 0 -0.22435 0 0 1 0 1 0 1 
0 1 0 1 0 1 -0.65789 0 -0.21826 0 0 1 0 1 0 1 0 1 0 1 0 1 0 1 0 1 -0.66739 0 -0.35004 0 0.20653 0 0.26533 0 0.31496 0 0 1 0 1 0 1 0 1 0 1 -0.61154 0 -0.48525 0 0.23681 0 0.28443 0 0.37416 0 0.42025 0 0 1 0 1 0 1 0 1 -0.49375 0 -0.61653 0 0.24285 0 0.31695 0 0.40705 0 -0.083975 0 0 1 0 1 -0.037416 0 0.15464 0 -0.40998 0 -0.62884 0 0.2481 0 0.31917 0 0.1706 0 -0.72665 0 0 1 0 1 0 1 0.15404 0 -0.44564 0 -0.57931 0 0.25207 0 0.34301 0 -0.1668 0 -0.54469 0 0 1 0 1 0 1 0 1 -0.55406 0 -0.60759 0 0.25388 0 0.28132 0 -0.24791 0 0 1 0 1 0 1 0 1 0 1 -0.62983 0 -0.55889 0 0.23465 0 0.30107 0 -0.028361 0 -0.71664 0 0 1 0 1 0 1 0 1 -0.63718 0 -0.50667 0 0.21704 0 0.30164 0 0.13689 0 -0.68235 0 0 1 0 1 0 1 0 1 -0.080565 0 0.024345 0 0.086891 0 0.17807 0 -0.35469 0 0 1 0 1 
0 1 0 1 0 1 -0.92022 0 -0.84561 0 0 1 0 1 0 1 0 1 0 1 0 1 0 1 0 1 -0.78052 0 -0.34975 0 0.18365 0 0 1 0 1 0 1 0 1 0 1 0 1 0 1 -0.50244 0 -0.52352 0 0.19235 0 0.12162 0 -0.13204 0 0 1 0 1 0 1 0 1 0 1 -0.6818 0 -0.64953 0 0.15778 0 0.032632 0 -0.16491 0 -0.27157 0 0 1 0 1 0 1 0 1 -0.6456 0 -0.45708 0 0.17185 0 -0.01494 0 -0.12663 0 -0.56263 0 0 1 0 1 0 1 0 1 -0.74302 0 -0.57635 0 0.21909 0 0.016884 0 -0.13112 0 -0.74583 0 0 1 0 1 0 1 0 1 -0.7963 0 -0.65792 0 0.084256 0 0.12868 0 -0.43907 0 -0.59649 0 0 1 0 1 0 1 0 1 -0.59036 0 -0.49544 0 0.074251 0 0.18859 0 -0.13057 0 0 1 0 1 0 1 0 1 0 1 -0.026679 0 -0.39445 0 0.15393 0 0.32073 0 0 1 0 1 0 1 0 1 0 1 0 1 -0.21183 0 -0.65748 0 0.22011 0 -0.076633 0 0 1 0 1 0 1 
0 1 0 1 0 1 0 1 -0.86508 0 0 1 0 1 0 1 0 1 0 1 0 1 0 1 0 1 0 1 -0.8479 0 0 1 0 1 0 1 0 1 0 1 0 1 0 1 0 1 0 1 -0.86128 0 0 1 0 1 0 1 0 1 0 1 0 1 0 1 0 1 0 1 -0.82395 0 0 1 0 1 0 1 0 1 0 1 0 1 0 1 0 1 0 1 -0.8725 0 0 1 0 1 0 1 0 1 0 1 0 1 0 1 0 1 0 1 -0.89761 0 0 1 0 1 0 1 0 1 0 1 0 1 0 1 0 1 0 1 -0.87633 0 0 1 0 1 0 1 0 1 0 1 0 1 0 1 0 1 0 1 0 1 0 1 0 1 0 1 0 1 0 1 0 1 0 1 0 1 0 1 0 1 0 1 0 1 0 1 0 1 0 1 0 1 0 1 0 1 0 1 0 1 0 1 0 1 0 1 0 1 0 1 
0 1 -0.088447 0 -0.13256 0 0 1 0 1 0 1 0 1 0 1 0 1 0 1 0 1 -0.11577 0 -0.14767 0 -0.15611 0 -0.15638 0 -0.14469 0 -0.14289 0 0 1 -0.2491 0 0 1 0 1 -0.13468 0 -0.15095 0 -0.14715 0 -0.15796 0 -0.14478 0 -0.14119 0 -0.15935 0 -0.25167 0 0 1 0 1 -0.13148 0 -0.12637 0 -0.15119 0 -0.16108 0 -0.14237 0 -0.12449 0 -0.32553 0 -0.36757 0 0 1 0 1 -0.063098 0 -0.12911 0 -0.14878 0 -0.16559 0 -0.15445 0 -0.13783 0 -0.14826 0 -0.3961 0 0 1 0 1 -0.085354 0 -0.090068 0 -0.14672 0 -0.16066 0 -0.1451 0 -0.14081 0 -0.12332 0 -0.4347 0 0 1 0 1 -0.16945 0 -0.095288 0 -0.11951 0 -0.1558 0 -0.13644 0 -0.15914 0 -0.070298 0 -0.55617 0 0 1 0 1 -0.06513 0 0 1 0 1 0 1 -0.032488 0 0.081234 0 -0.18766 0 -0.77062 0 0 1 0 1 0 1 0 1 0 1 0 1 0 1 -0.042186 0 -0.35806 0 -0.88636 0 0 1 0 1 0 1 0 1 0 1 0 1 0 1 0 1 -0.24489 0 -0.74254 0 0 1 
0 1 0 1 0 1 0 1 0 1 -0.9349 0 0 1 0 1 0 1 0 1 0 1 0 1 0 1 0 1 0 1 -0.92913 0 0 1 0 1 0 1 0 1 0 1 0 1 0 1 0 1 0 1 -0.90662 0 0 1 0 1 0 1 0 1 0 1 0 1 0 1 0 1 0 1 -0.91683 0 0 1 0 1 0 1 0 1 0 1 0 1 0 1 0 1 0 1 -0.90087 0 0 1 0 1 0 1 0 1 0 1 0 1 0 1 0.032663 0 0.16091 0 -0.75743 0 0 1 0 1 0 1 0 1 0 1 0 1 0 1 0.039812 0 0.11399 0 -0.79438 0 0 1 0 1 0 1 0 1 0 1 0 1 0 1 0.019792 0 0.0075595 0 -0.91222 0 0 1 0 1 0 1 0 1 0 1 0 1 0 1 0 1 0.26872 0 -0.70468 0 0 1 0 1 0 1 0 1 0 1 0 1 0 1 0 1 0.076295 0 -0.3681 0 0 1 0 1 0 1 0 1 
0 1 0 1 0 1 0 1 0 1 -0.86951 0 0 1 0 1 0 1 0 1 0 1 0 1 0 1 0 1 0.0095409 0 -0.83961 0 0 1 0 1 0 1 0 1 0 1 0 1 0 1 0 1 0.33284 0 -0.85449 0 0 1 0 1 0 1 0 1 0 1 0 1 0 1 0.058219 0 -0.16491 0 -0.89271 0 0 1 0 1 0 1 0 1 0 1 0 1 0 1 0.13909 0 0.05624 0 -0.8914 0 0 1 0 1 0 1 0 1 0 1 0 1 0 1 0.12328 0 0.10203 0 -0.90717 0 0 1 0 1 0 1 0 1 0 1 0 1 0 1 0.11217 0 0.10331 0 -0.90011 0 0 1 0 1 0 1 0 1 0 1 0 1 0.25137 0 0.036944 0 0.048388 0 -0.75896 0 -0.61483 0 0 1 0 1 0 1 0 1 0 1 0.16115 0 0.025181 0 -0.051459 0 -0.74072 0 -0.70533 0 0 1 0 1 0 1 0 1 -0.20917 0 0.076285 0 0.038764 0 -0.34809 0 -0.60419 0 -0.70447 0 -0.90331 0 0 1 0 1 
0 1 0 1 0 1 0 1 -0.071623 0 -0.80771 0 0 1 0 1 0 1 0 1 0 1 0 1 0 1 0 1 0.04176 0 -0.87438 0 0 1 0 1 0 1 0 1 0 1 0 1 0 1 0 1 0.46124 0 -0.86739 0 0 1 0 1 0 1 0 1 0 1 0 1 0 1 0.048357 0 -0.18371 0 -0.876 0 0 1 0 1 0 1 0 1 0 1 0 1 0 1 0.15598 0 0.045435 0 -0.90499 0 0 1 0 1 0 1 0 1 0 1 0 1 0 1 0.14992 0 0.071752 0 -0.91219 0 0 1 0 1 0 1 0 1 0 1 0 1 0.055451 0 0.088348 0 0.074827 0 -0.88166 0 0 1 0 1 0 1 0 1 0 1 0 1 0.096625 0 0.028778 0 0.047126 0 -0.77463 0 -0.57177 0 0 1 0 1 0 1 0 1 0 1 0 1 0.037768 0 0.015146 0 -0.73192 0 -0.71596 0 0 1 0 1 0 1 0 1 -0.13392 0 0.080624 0 0.038527 0 -0.38751 0 -0.67102 0 -0.71133 0 -0.94478 0 0 1 0 1 
0 1 0 1 0 1 0 1 0 1 -0.80008 0 0 1 0 1 0 1 0 1 0 1 0 1 0 1 0 1 0 1 -0.86782 0 0 1 0 1 0 1 0 1 0 1 0 1 -0.18116 0 0 1 0 1 -0.86633 0 0 1 0 1 0 1 0 1 0 1 0 1 0 1 0.10273 0 0.025941 0 -0.87343 0 0 1 0 1 0 1 0 1 0 1 0 1 0.0062103 0 0.07698 0 0.049893 0 -0.91288 0 0 1 0 1 0 1 0 1 0 1 0 1 0.088724 0 0.11546 0 0.058169 0 -0.90382 0 0 1 0 1 0 1 0 1 0 1 0 1 0.17134 0 0.083296 0 0.021551 0 -0.88948 0 0 1 0 1 0 1 0 1 0 1 0 1 0.2461 0 0.1241 0 0.073193 0 -0.64875 0 0 1 0 1 0 1 0 1 0 1 0 1 0.185 0 0.055458 0 0.16758 0 -0.77491 0 0 1 0 1 0 1 0 1 0 1 0 1 0.25116 0 0.052826 0 -0.092198 0 -0.53902 0 -1.1182 0 0 1 0 1 0 1 
0 1 0 1 0 1 0 1 0.11754 0 -0.88432 0 0 1 0 1 0 1 0 1 0 1 0 1 0 1 0 1 0 1 -0.8965 0 0 1 0 1 0 1 0 1 0 1 0 1 0 1 0 1 -0.36832 0 -0.83472 0 0 1 0 1 0 1 0 1 0 1 0 1 0 1 0.11261 0 0.0045938 0 -0.85835 0 0 1 0 1 0 1 0 1 0 1 0 1 0 1 0.058516 0 0.035737 0 -0.91343 0 0 1 0 1 0 1 0 1 0 1 0 1 0.13429 0 0.13324 0 0.063224 0 -0.91222 0 0 1 0 1 0 1 0 1 0 1 0 1 0 1 0.10481 0 0.045417 0 -0.88077 0 0 1 0 1 0 1 0 1 0 1 0 1 0.27327 0 0.16664 0 0.076306 0 -0.67212 0 0 1 0 1 0 1 0 1 0 1 0 1 0.26213 0 0.066177 0 0.045187 0 -0.79335 0 0 1 0 1 0 1 0 1 0 1 0 1 0 1 0.15565 0 -0.0027931 0 -0.54309 0 0 1 0 1 0 1 0 1 
0 1 0 1 0 1 0 1 0 1 -0.88629 0 0 1 0 1 0 1 0 1 0 1 0 1 0 1 0 1 0 1 -0.86314 0 0 1 0 1 0 1 0 1 0 1 0 1 0 1 0 1 0 1 -0.88967 0 0 1 0 1 0 1 0 1 0 1 0 1 0 1 0 1 0 1 -0.90273 0 0 1 0 1 0 1 0 1 0 1 0 1 0 1 0 1 0 1 -0.908 0 -0.64299 0 0 1 0 1 0 1 0 1 0 1 0 1 0 1 -0.56273 0 -0.68534 0 0.26507 0 0 1 0 1 0 1 0 1 0 1 0 1 0 1 0 1 -0.85726 0 0.41497 0 0 1 0 1 0 1 0 1 0 1 0 1 0 1 0 1 -0.87822 0 0 1 0 1 0 1 0 1 0 1 0 1 0 1 0 1 0.26836 0 -0.86554 0 0 1 0 1 0 1 0 1 0 1 0 1 0 1 0 1 0.088422 0 -0.81112 0 0 1 0 1 0 1 0 1 
0 1 0 1 0 1 0 1 0 1 -0.91542 0 0 1 0 1 0 1 0 1 0 1 0 1 0 1 0 1 0 1 -0.86706 0 0 1 0 1 0 1 0 1 0 1 0 1 0 1 0 1 0 1 -0.8979 0 0 1 0 1 0 1 0 1 0 1 0 1 0 1 0 1 0 1 -0.88423 0 0 1 0 1 0 1 0 1 0 1 0 1 0 1 0 1 0 1 -0.91103 0 0 1 0 1 0 1 0 1 0 1 0 1 0 1 0 1 -0.10677 0 -0.91174 0 0 1 0 1 0 1 0 1 0 1 0 1 0 1 0 1 0 1 -0.91483 0 0 1 0 1 0 1 0 1 0 1 0 1 0 1 0 1 0.29169 0 -0.89253 0 -0.81146 0 -1.005 0 0 1 0 1 0 1 0 1 0 1 0 1 0.26947 0 -0.63658 0 -0.67473 0 -0.87384 0 0 1 0 1 0 1 0 1 0 1 0 1 0 1 -0.26283 0 -0.77835 0 -0.90966 0 0 1 0 1 
0 1 0 1 0 1 0 1 0 1 -0.93298 0 0 1 0 1 0 1 0 1 0 1 0 1 0 1 0 1 0 1 -0.94342 0 0 1 0 1 0 1 0 1 0 1 0 1 0 1 0 1 0 1 -0.88274 0 0 1 0 1 0 1 0 1 0 1 0 1 0 1 0 1 0 1 -0.9125 0 0 1 0 1 0 1 0 1 0 1 0 1 0 1 0 1 0 1 -0.77006 0 0.34398 0 0 1 0 1 0 1 0 1 0 1 0 1 0 1 -0.059713 0 -0.85234 0 0.10489 0 -0.15545 0 0 1 0 1 0 1 0 1 0 1 0 1 0 1 -0.87863 0 -0.28456 0 0 1 0 1 0 1 0 1 0 1 0 1 0 1 0.6046 0 -0.76677 0 -0.90525 0 0 1 0 1 0 1 0 1 0 1 0 1 0 1 0.12465 0 -0.76204 0 -0.23438 0 0 1 0 1 0 1 0 1 0 1 0 1 0 1 0 1 -0.51949 0 -0.021111 0 0 1 0 1 0 1 
0 1 0 1 0 1 0 1 0 1 0 1 0 1 0 1 0 1 0 1 0 1 0.0017882 0 -0.017689 0 -0.0044757 0 -0.061973 0 0.046534 0 -0.11117 0 0 1 0 1 0 1 0 1 -0.0099341 0 -0.0014086 0 0.00030599 0 -0.072398 0 0.016002 0 -0.1696 0 0 1 0 1 0 1 0 1 0.0032513 0 -0.0032336 0 -0.01232 0 -0.062813 0 0.043195 0 -0.097974 0 0 1 0 1 0 1 0 1 -0.0010349 0 -0.0086935 0 -0.0071916 0 -0.037453 0 -0.0027152 0 -0.04144 0 0 1 0 1 0 1 0 1 0.03844 0 0.005156 0 -0.066467 0 -0.018141 0 0.0093613 0 -0.068168 0 0 1 0 1 0 1 0 1 0.043379 0 0.12126 0 0.0079079 0 -0.0018532 0 -0.025986 0 -0.040958 0 0 1 0 1 0 1 0 1 0 1 0 1 0 1 0 1 0 1 0 1 0 1 0 1 0 1 0 1 0 1 0 1 0 1 0 1 0 1 0 1 0 1 0 1 0 1 0 1 0 1 0 1 0 1 0 1 0 1 0 1 0 1 0 1 0 1 
0 1 0 1 0 1 0 1 0 1 -0.86802 0 0 1 0 1 0 1 0 1 0 1 0 1 0 1 0 1 0 1 -0.90171 0 0 1 0 1 0 1 0 1 0 1 0 1 0 1 0 1 0 1 -0.90932 0 0 1 0 1 0 1 0 1 0 1 0 1 0 1 0 1 0 1 -0.92614 0 0 1 0 1 0 1 0 1 0 1 0 1 0 1 0 1 0 1 -0.92967 0 0 1 0 1 0 1 0 1 0 1 0 1 0 1 0 1 0 1 -0.93042 0 0 1 0 1 0 1 0 1 0 1 0 1 0 1 0 1 0 1 -0.92998 0 0 1 0 1 0 1 0 1 0 1 0 1 0 1 0 1 0 1 -0.92184 0 -0.50489 0 0 1 0 1 0 1 0 1 0 1 0 1 0 1 -0.15919 0 -0.87107 0 -0.64457 0 -0.8793 0 0 1 0 1 0 1 0 1 0 1 0 1 -0.21764 0 -0.76782 0 -0.48827 0 -0.91966 0 0 1 0 1 
0 1 0 1 0 1 0 1 0 1 -0.81848 0 0 1 0 1 0 1 0 1 0 1 0 1 0 1 0 1 0 1 -0.92146 0 0 1 0 1 0 1 0 1 0 1 0 1 0 1 0 1 0 1 -0.91035 0 0 1 0 1 0 1 0 1 0 1 0 1 0 1 0 1 0 1 -0.923 0 0 1 0 1 0 1 0 1 0 1 0 1 0 1 0 1 0 1 -0.92745 0 0 1 0 1 0 1 0 1 0 1 0 1 0 1 0 1 0 1 -0.92379 0 0 1 0 1 0 1 0 1 0 1 0 1 0 1 0 1 0 1 -0.936 0 0 1 0 1 0 1 0 1 0 1 0 1 0 1 0 1 0 1 -0.93071 0 -0.69011 0 0 1 0 1 0 1 0 1 0 1 0 1 0 1 -0.29397 0 -0.85986 0 -0.64288 0 -0.89883 0 0 1 0 1 0 1 0 1 0 1 0 1 -0.27343 0 -0.8175 0 -0.54676 0 -0.93059 0 0 1 0 1 
0 1 0 1 0 1 0 1 -0.86506 0 -0.87452 0 0 1 0 1 0 1 0 1 0 1 0 1 0 1 0 1 -0.82359 0 -0.59052 0 0 1 0 1 0 1 0 1 0 1 0 1 -0.48348 0 0 1 -0.81292 0 -0.43902 0 0 1 0 1 0 1 0 1 0 1 0.17989 0 -0.15509 0 0.082336 0 -0.67894 0 -0.752 0 0 1 0 1 0 1 0 1 0 1 0.0090321 0 -0.13037 0 0.13004 0 -0.65351 0 -0.91102 0 0 1 0 1 0 1 0 1 0 1 0.1017 0 -0.072328 0 0.089245 0 -0.58881 0 -0.8629 0 0 1 0 1 0 1 0 1 0 1 -0.017759 0 0.033258 0 0.13645 0 -0.34525 0 -0.83575 0 0 1 0 1 0 1 0 1 0 1 -0.012211 0 0.10602 0 0.063894 0 -0.087082 0 -0.9098 0 0 1 0 1 0 1 0 1 0 1 -0.0094418 0 0.1154 0 0.011364 0 -0.049308 0 -0.86333 0 -0.48111 0 0 1 0 1 0 1 0 1 0.15955 0 0.20777 0 -0.025723 0 0.065396 0 -0.27462 0 -0.3934 0 0 1 0 1 0 1 
0 1 0 1 0 1 0 1 -0.88007 0 0 1 0 1 0 1 0 1 0 1 0 1 0 1 0 1 0 1 -0.83897 0 -0.31079 0 0 1 0 1 0 1 0 1 0 1 0 1 0 1 0 1 -0.82001 0 -0.42557 0 0 1 0 1 0 1 0 1 0 1 0.11777 0 -0.10277 0 0.083195 0 -0.69123 0 -0.83146 0 0 1 0 1 0 1 0 1 0 1 0.13397 0 -0.10614 0 0.10644 0 -0.63454 0 -0.89473 0 0 1 0 1 0 1 0 1 0 1 0.034274 0 -0.11567 0 0.071931 0 -0.55759 0 -0.87742 0 0 1 0 1 0 1 0 1 0 1 0.019816 0 0.00076167 0 0.055492 0 -0.3428 0 -0.927 0 0 1 0 1 0 1 0 1 0 1 -0.040488 0 0.019169 0 0.04924 0 -0.19033 0 -0.9071 0 0 1 0 1 0 1 0 1 0 1 -0.037845 0 0.083185 0 -0.014526 0 0.0064886 0 -0.78306 0 -0.16787 0 0 1 0 1 0 1 0 1 0.033711 0 0.21598 0 -0.04536 0 0.12327 0 -0.13607 0 -0.41226 0 0 1 0 1 0 1 
0 1 0 1 0 1 0 1 -0.80981 0 -0.68776 0 0 1 0 1 0 1 0 1 0 1 0 1 -0.41784 0 0 1 -0.82035 0 -0.72846 0 0 1 0 1 0 1 0 1 0 1 0 1 0.21071 0 -0.47397 0 -0.77424 0 -0.7706 0 0 1 0 1 0 1 0 1 0 1 0 1 -0.10225 0 0.097714 0 -0.502 0 -0.80936 0 0 1 0 1 0 1 0 1 0 1 -0.074567 0 -0.10135 0 0.063391 0 -0.65982 0 -0.88573 0 0 1 0 1 0 1 0 1 0 1 0.17082 0 -0.026368 0 0.090918 0 -0.66427 0 -0.89121 0 0 1 0 1 0 1 0 1 0 1 -0.0412 0 -0.10009 0 0.024549 0 -0.57279 0 -0.80115 0 0 1 0 1 0 1 0 1 0 1 -0.23596 0 0.012158 0 -0.012025 0 -0.22958 0 -0.49336 0 0 1 0 1 0 1 0 1 0 1 0.039704 0 0.10949 0 0.050525 0 -0.030822 0 -0.42995 0 0 1 0 1 0 1 0 1 0 1 0.30753 0 0.18106 0 0.00091834 0 0.10506 0 -0.2257 0 0 1 0 1 0 1 0 1 
0 1 0 1 0 1 0 1 -0.77178 0 -0.688 0 0 1 0 1 0 1 0 1 0 1 0 1 -0.69997 0 -0.1292 0 -0.82115 0 -0.75287 0 0 1 0 1 0 1 0 1 0 1 0 1 -0.53857 0 0 1 -0.76213 0 -0.75856 0 0 1 0 1 0 1 0 1 0 1 0 1 -0.12498 0 0.059959 0 -0.52441 0 -0.86137 0 0 1 0 1 0 1 0 1 0 1 0.5209 0 0.017433 0 0.038438 0 -0.68989 0 -0.89922 0 0 1 0 1 0 1 0 1 0 1 0.21976 0 0.019236 0 0.07938 0 -0.65817 0 -0.8621 0 0 1 0 1 0 1 0 1 0 1 0.30356 0 -0.055565 0 0.043758 0 -0.52035 0 -0.76622 0 0 1 0 1 0 1 0 1 0 1 -0.33282 0 -0.020676 0 0.023211 0 -0.26093 0 -0.56399 0 0 1 0 1 0 1 0 1 0 1 0.033359 0 0.03738 0 -0.031461 0 -0.0030345 0 -0.55068 0 0 1 0 1 0 1 0 1 0 1 0.028525 0 0.08135 0 0.033786 0 0.028565 0 -0.21203 0 0 1 0 1 0 1 0 1 
0 1 0 1 0 1 0 1 0 1 -0.91817 0 0 1 0 1 0 1 0 1 0 1 0 1 0 1 0 1 0 1 -0.89853 0 0 1 0 1 0 1 0 1 0 1 0 1 0 1 0 1 0 1 -0.90954 0 0 1 0 1 0 1 0 1 0 1 0 1 0 1 0 1 0 1 -0.92053 0 0 1 0 1 0 1 0 1 0 1 0 1 0 1 0 1 0 1 -0.91039 0 0 1 0 1 0 1 0 1 0 1 0 1 0 1 0 1 -0.17931 0 -0.8899 0 0 1 0 1 0 1 0 1 0 1 0 1 0 1 0.098641 0 -0.015426 0 -0.90176 0 -0.15934 0 0 1 0 1 0 1 0 1 0 1 0 1 0 1 -0.20286 0 -0.64302 0 0.23267 0 0 1 0 1 0 1 0 1 0 1 0 1 0 1 0 1 -0.87603 0 -0.41607 0 0 1 0 1 0 1 0 1 0 1 0 1 0 1 0 1 -0.86308 0 -0.18396 0 0 1 0 1 0 1 
0 1 0 1 0 1 0 1 0 1 -0.8949 0 0 1 0 1 0 1 0 1 0 1 0 1 0 1 0 1 -0.57834 0 -0.88723 0 0 1 0 1 0 1 0 1 0 1 0 1 0 1 0 1 -0.49364 0 -0.9025 0 0 1 0 1 0 1 0 1 0 1 0 1 0 1 0 1 -0.72534 0 -0.91648 0 0 1 0 1 0 1 0 1 0 1 0 1 0 1 0 1 -0.6173 0 -0.90264 0 0 1 0 1 0 1 0 1 0 1 0 1 -0.023857 0 -0.080511 0 0.068452 0 -0.71666 0 0 1 0 1 0 1 0 1 0 1 0 1 -0.095929 0 -0.029721 0 0.075642 0 -0.619 0 -0.073435 0 0 1 0 1 0 1 0 1 0 1 -0.17452 0 -0.05886 0 0.066372 0 -0.69378 0 0.14127 0 0 1 0 1 0 1 0 1 0 1 -0.072823 0 -0.013241 0 0.13107 0 -0.64445 0 0.35868 0 0 1 0 1 0 1 0 1 0 1 0.13518 0 0.012996 0 0.12579 0 -0.57291 0 0.017105 0 0 1 0 1 0 1 
0 1 0 1 0 1 0 1 0 1 -0.94052 0 0 1 0 1 0 1 0 1 0 1 0 1 0 1 0 1 0 1 -0.91795 0 0 1 0 1 0 1 0 1 0 1 0 1 0 1 0 1 0 1 -0.90166 0 0 1 0 1 0 1 0 1 0 1 0 1 0 1 0 1 0 1 -0.91238 0 0 1 0 1 0 1 0 1 0 1 0 1 -0.17052 0 -0.19292 0 0.24233 0 -0.75863 0 0 1 0 1 0 1 0 1 0 1 0 1 -0.17958 0 -0.022741 0 0.12251 0 -0.78714 0 0 1 0 1 0 1 0 1 0 1 0 1 0.016058 0 -0.053916 0 0.11239 0 -0.82083 0 0 1 0 1 0 1 0 1 0 1 0 1 0.014685 0 -0.03035 0 -0.049933 0 -0.79988 0 0 1 0 1 0 1 0 1 0 1 -0.38003 0 0.078394 0 -0.033251 0 0.032784 0 -0.36294 0 0.019893 0 0 1 0 1 0 1 0 1 -0.046467 0 -0.094915 0 0.012354 0 0.13055 0 -0.4775 0 0 1 0 1 0 1 0 1 
